1 0.6640625 0.4435546875 0.638671875 0.4259765625 0.658203125 0.3966796875 0.658203125 0.3791015625 0.64453125 0.3537109375 0.6123046875 0.329296875 0.5673828125 0.329296875 0.5029296875 0.344921875 0.4697265625 0.344921875 0.4052734375 0.36640625 0.3720703125 0.368359375 0.3427734375 0.383984375 0.32421875 0.4083984375 0.318359375 0.4376953125 0.3203125 0.4455078125 0.365234375 0.4748046875 0.3984375 0.5236328125 0.404296875 0.5470703125 0.4111328125 0.555859375 0.4326171875 0.563671875 0.4873046875 0.5734375 0.51171875 0.5724609375 0.5791015625 0.55 0.6162109375 0.528515625 0.6640625 0.4572265625 0.6640625 0.4435546875
1 0.8388671875 0.471875 0.8779296875 0.471875 0.884765625 0.4513671875 0.876953125 0.4162109375 0.826171875 0.3595703125 0.8203125 0.3283203125 0.8154296875 0.3234375 0.7822265625 0.32734375 0.6689453125 0.378125 0.662109375 0.3830078125 0.66015625 0.3966796875 0.642578125 0.4220703125 0.666015625 0.4396484375 0.66796875 0.4591796875 0.662109375 0.4689453125 0.662109375 0.4806640625 0.6748046875 0.497265625 0.7099609375 0.512890625 0.7587890625 0.51875 0.80078125 0.5177734375 0.8046875 0.5158203125 0.8046875 0.4982421875 0.8115234375 0.4875 0.8388671875 0.471875
1 0.966796875 0.5333984375 0.9560546875 0.516796875 0.9267578125 0.505078125 0.8896484375 0.4796875 0.8408203125 0.47578125 0.810546875 0.4904296875 0.8046875 0.5041015625 0.806640625 0.5177734375 0.8291015625 0.551953125 0.9052734375 0.59296875 0.927734375 0.5919921875 0.9482421875 0.58125 0.96484375 0.5607421875 0.96875 0.5490234375 0.966796875 0.5333984375
1 0.693359375 0.5119140625 0.6611328125 0.489453125 0.6474609375 0.485546875 0.62109375 0.5255859375 0.6025390625 0.540234375 0.5380859375 0.567578125 0.48046875 0.5822265625 0.5009765625 0.610546875 0.53125 0.6115234375 0.7119140625 0.579296875 0.6953125 0.5333984375 0.697265625 0.5197265625 0.693359375 0.5119140625
1 0.625 0.6701171875 0.62109375 0.6544921875 0.5830078125 0.6046875 0.5458984375 0.610546875 0.5 0.6115234375 0.5078125 0.6369140625 0.5078125 0.6564453125 0.49609375 0.6974609375 0.486328125 0.7130859375 0.4873046875 0.723828125 0.5 0.7248046875 0.5419921875 0.69453125 0.5908203125 0.67890625 0.6201171875 0.675 0.625 0.6701171875
1 0.4775390625 0.7140625 0.494140625 0.6955078125 0.5078125 0.6583984375 0.5078125 0.6369140625 0.5 0.6154296875 0.4755859375 0.58125 0.4013671875 0.559765625 0.39453125 0.5685546875 0.388671875 0.6056640625 0.376953125 0.6330078125 0.3369140625 0.64375 0.333984375 0.6486328125 0.33984375 0.6759765625 0.359375 0.6994140625 0.357421875 0.7267578125 0.361328125 0.7384765625 0.3837890625 0.753125 0.435546875 0.7599609375 0.4462890625 0.758984375 0.451171875 0.7541015625 0.4609375 0.7248046875 0.4775390625 0.7140625
1 0.2333984375 0.70234375 0.2060546875 0.688671875 0.1708984375 0.688671875 0.1455078125 0.6984375 0.119140625 0.7228515625 0.1015625 0.7580078125 0.1044921875 0.7626641140625 0.265625 0.7619140625 0.271484375 0.7580078125 0.271484375 0.7521484375 0.255859375 0.7072265625 0.2333984375 0.70234375
0 0.5556640625 0.692578125 0.5302734375 0.704296875 0.50390625 0.7306640625 0.5 0.7462890625 0.505859375 0.7580078125 0.51171875 0.7599609375 0.6162109375 0.735546875 0.619140625 0.7189453125 0.5849609375 0.688671875 0.5556640625 0.692578125
0 0.837890625 0.5802734375 0.83984375 0.5646484375 0.8203125 0.5470703125 0.8037109375 0.52265625 0.7451171875 0.51875 0.7138671875 0.51875 0.7041015625 0.52265625 0.701171875 0.5412109375 0.716796875 0.5802734375 0.6748046875 0.5890625 0.6513671875 0.602734375 0.6220703125 0.6046875 0.615234375 0.6154296875 0.61328125 0.6291015625 0.6298828125 0.653515625 0.6435546875 0.661328125 0.6640625 0.6623046875 0.6962890625 0.6515625 0.7861328125 0.637890625 0.81640625 0.6193359375 0.837890625 0.5802734375
0 0.375 0.6291015625 0.388671875 0.5998046875 0.392578125 0.5626953125 0.3984375 0.5548828125 0.396484375 0.5255859375 0.375 0.4923828125 0.3486328125 0.46796875 0.2216796875 0.376171875 0.1689453125 0.35078125 0.1201171875 0.3546875 0.1015625 0.3908203125 0.1015625 0.4142578125 0.1171875 0.4728515625 0.1279296875 0.4796875 0.13671875 0.4923828125 0.142578125 0.5275390625 0.2060546875 0.610546875 0.2568359375 0.63984375 0.28125 0.6447265625 0.2958984375 0.6359375 0.3447265625 0.637890625 0.3623046875 0.6359375 0.375 0.6291015625
0 0.3125 0.6447265625 0.2998046875 0.6359375 0.2822265625 0.645703125 0.2705078125 0.645703125 0.2490234375 0.6359375 0.2275390625 0.6203125 0.2080078125 0.6125 0.1875 0.5841796875 0.1650390625 0.563671875 0.15625 0.5822265625 0.162109375 0.5939453125 0.1640625 0.6173828125 0.158203125 0.6310546875 0.1689453125 0.6359375 0.177734375 0.6486328125 0.1875 0.6544921875 0.189453125 0.6642578125 0.2099609375 0.684765625 0.2392578125 0.69453125 0.279296875 0.6974609375 0.3095703125 0.696484375 0.3134765625 0.690625 0.330078125 0.6837890625 0.3125 0.6447265625
1 0.8359375 0.5841796875 0.8203125 0.6115234375 0.8203125 0.6212890625 0.8291015625 0.628125 0.8544921875 0.62421875 0.90234375 0.6291015625 0.8984375 0.5998046875 0.8779296875 0.579296875 0.8544921875 0.567578125 0.8359375 0.5841796875