0 0.271484375 0.5021484375 0.27734375 0.4865234375 0.287109375 0.4767578125 0.2890625 0.4669921875 0.302734375 0.4455078125 0.302734375 0.4279296875 0.2958984375 0.409375 0.2490234375 0.399609375 0.248046875 0.3927734375 0.2431640625 0.38984375 0.20703125 0.4005859375 0.208984375 0.4044921875 0.201171875 0.4123046875 0.19140625 0.4416015625 0.171875 0.4689453125 0.15625 0.5001953125 0.1572265625 0.534375 0.2119140625 0.54609375 0.23046875 0.5451171875 0.2490234375 0.540234375 0.25390625 0.5353515625 0.26171875 0.5119140625 0.271484375 0.5021484375
0 0.2080078125 0.39765625 0.2021484375 0.39765625 0.197265625 0.3927734375 0.19921875 0.3751953125 0.1943359375 0.3703125 0.1806640625 0.36640625 0.1689453125 0.36640625 0.1611328125 0.3703125 0.130859375 0.4083984375 0.130859375 0.4259765625 0.123046875 0.4455078125 0.125 0.4572265625 0.1357421875 0.466015625 0.1640625 0.4669921875 0.1728515625 0.466015625 0.177734375 0.4611328125 0.208984375 0.4025390625 0.2080078125 0.39765625
0 0.08203125 0.4220703125 0.08203125 0.4044921875 0.07421875 0.3791015625 0.0576171875 0.364453125 0.0263671875 0.36640625 0.01171875 0.3830078125 0.017578125 0.3947265625 0 0.4220703125 0.001953125 0.4826171875 0.0068359375 0.489453125 0.0322265625 0.50703125 0.04296875 0.5080078125 0.0625 0.4845703125 0.072265625 0.4611328125 0.076171875 0.4357421875 0.08203125 0.4220703125
0 0.400390625 0.5080078125 0.396484375 0.4943359375 0.396484375 0.4748046875 0.390625 0.4689453125 0.3779296875 0.440625 0.3173828125 0.440625 0.3076171875 0.44453125 0.29296875 0.4591796875 0.291015625 0.4748046875 0.27734375 0.4904296875 0.2578125 0.5275390625 0.25390625 0.5412109375 0.25390625 0.5607421875 0.267578125 0.5958984375 0.279296875 0.6134765625 0.2900390625 0.622265625 0.2998046875 0.626171875 0.30859375 0.6251953125 0.3291015625 0.606640625 0.3515625 0.5978515625 0.3984375 0.5177734375 0.400390625 0.5080078125
0 0.50390625 0.5763671875 0.4833984375 0.55390625 0.4462890625 0.54609375 0.4287109375 0.548046875 0.4130859375 0.555859375 0.39453125 0.5744140625 0.384765625 0.5900390625 0.3828125 0.6056640625 0.40234375 0.6212890625 0.404296875 0.6349609375 0.4091796875 0.63984375 0.46875 0.6544921875 0.48046875 0.6486328125 0.48828125 0.6271484375 0.5078125 0.5998046875 0.50390625 0.5763671875
0 0.662109375 0.6330078125 0.65625 0.6193359375 0.6435546875 0.60859375 0.6123046875 0.598828125 0.5791015625 0.598828125 0.5556640625 0.60859375 0.537109375 0.6291015625 0.52734375 0.6544921875 0.52734375 0.6623046875 0.5322265625 0.6671875 0.5986328125 0.680859375 0.625 0.6818359375 0.6318359375 0.680859375 0.65234375 0.6642578125 0.662109375 0.6427734375 0.662109375 0.6330078125
0 0.794921875 0.4748046875 0.802734375 0.4533203125 0.8203125 0.4376953125 0.82421875 0.4103515625 0.810546875 0.4005859375 0.8076171875 0.391796875 0.7978515625 0.3859375 0.7607421875 0.383984375 0.740234375 0.3966796875 0.73046875 0.4220703125 0.693359375 0.4689453125 0.6875 0.4826171875 0.6875 0.5041015625 0.6962890625 0.512890625 0.7431640625 0.532421875 0.7626953125 0.544140625 0.771484375 0.5431640625 0.791015625 0.5158203125 0.802734375 0.4904296875 0.796875 0.4845703125 0.794921875 0.4748046875
0 0.85546875 0.4279296875 0.8349609375 0.409375 0.82421875 0.4123046875 0.818359375 0.4396484375 0.8076171875 0.446484375 0.7958984375 0.462109375 0.7880859375 0.4640625 0.78515625 0.4708984375 0.787109375 0.4787109375 0.802734375 0.4904296875 0.79296875 0.5080078125 0.79296875 0.5138671875 0.8056640625 0.524609375 0.81640625 0.5236328125 0.84375 0.4962890625 0.861328125 0.4630859375 0.86328125 0.4435546875 0.85546875 0.4279296875
0 0.8818359375 0.387890625 0.8662109375 0.38984375 0.8408203125 0.403515625 0.841796875 0.4142578125 0.8515625 0.4220703125 0.86328125 0.4416015625 0.86328125 0.4591796875 0.8818359375 0.46796875 0.89453125 0.4669921875 0.908203125 0.4533203125 0.908203125 0.4279296875 0.8984375 0.4044921875 0.8818359375 0.387890625
0 0.90625 0.3068359375 0.904296875 0.3673828125 0.9130859375 0.378125 0.923828125 0.3791015625 0.9462890625 0.360546875 0.96875 0.3341796875 0.970703125 0.3185546875 0.96484375 0.3029296875 0.96484375 0.2892578125 0.9599609375 0.284375 0.9306640625 0.284375 0.9208984375 0.290234375 0.90625 0.3068359375
0 0.2734375 0.3126953125 0.2705078125 0.309765625 0.2412109375 0.309765625 0.2294921875 0.305859375 0.2119140625 0.3078125 0.1962890625 0.3 0.177734375 0.3341796875 0.17578125 0.3576171875 0.1787109375 0.3625 0.1982421875 0.372265625 0.203125 0.3712890625 0.2138671875 0.364453125 0.2294921875 0.346875 0.2587890625 0.33125 0.2734375 0.3126953125
0 0.189453125 0.2853515625 0.19140625 0.2931640625 0.2099609375 0.305859375 0.267578125 0.3068359375 0.3134765625 0.298046875 0.3271484375 0.2921875 0.33203125 0.2853515625 0.189453125 0.2853515625
1 0.634765625 0.4865234375 0.62109375 0.4552734375 0.6005859375 0.438671875 0.5810546875 0.42890625 0.5654296875 0.438671875 0.5458984375 0.438671875 0.5263671875 0.450390625 0.5078125 0.4708984375 0.498046875 0.4904296875 0.498046875 0.5216796875 0.490234375 0.5451171875 0.490234375 0.5568359375 0.505859375 0.5763671875 0.5126953125 0.602734375 0.5390625 0.6017578125 0.5791015625 0.587109375 0.607421875 0.5607421875 0.630859375 0.5080078125 0.634765625 0.4865234375
1 0.4521484375 0.528515625 0.4736328125 0.512890625 0.51953125 0.4552734375 0.52734375 0.4337890625 0.5390625 0.4240234375 0.54296875 0.4064453125 0.54296875 0.3712890625 0.537109375 0.3517578125 0.5390625 0.3498046875 0.52734375 0.3439453125 0.529296875 0.2990234375 0.5224609375 0.294140625 0.5068359375 0.301953125 0.4951171875 0.301953125 0.4755859375 0.321484375 0.4404296875 0.34296875 0.4130859375 0.3703125 0.3916015625 0.38203125 0.3828125 0.3966796875 0.37890625 0.4064453125 0.380859375 0.4357421875 0.392578125 0.4533203125 0.400390625 0.4943359375 0.404296875 0.5001953125 0.3984375 0.5451171875 0.39453125 0.5490234375 0.4052734375 0.55 0.408203125 0.5548828125 0.4169921875 0.548046875 0.4248046875 0.548046875 0.4423828125 0.540234375 0.4521484375 0.528515625
1 0.388671875 0.3810546875 0.3623046875 0.3625 0.3388671875 0.3625 0.2998046875 0.378125 0.2783203125 0.391796875 0.271484375 0.4005859375 0.30078125 0.4103515625 0.3046875 0.4396484375 0.310546875 0.4416015625 0.3759765625 0.434765625 0.37890625 0.4240234375 0.376953125 0.4083984375 0.388671875 0.3810546875
1 0.494140625 0.3009765625 0.4638671875 0.298046875 0.4482421875 0.3 0.4423828125 0.2921875 0.4306640625 0.286328125 0.4228515625 0.286328125 0.3935546875 0.3 0.3671875 0.3244140625 0.349609375 0.3556640625 0.3876953125 0.380078125 0.39453125 0.3791015625 0.4130859375 0.368359375 0.4501953125 0.333203125 0.4755859375 0.31953125 0.494140625 0.3009765625
1 0.5234375 0.2931640625 0.529296875 0.3029296875 0.52734375 0.3439453125 0.537109375 0.3517578125 0.53515625 0.3556640625 0.54296875 0.3771484375 0.541015625 0.4240234375 0.5478515625 0.434765625 0.564453125 0.4357421875 0.5791015625 0.425 0.60546875 0.3966796875 0.60546875 0.3732421875 0.609375 0.3634765625 0.60546875 0.3146484375 0.587890625 0.2892578125 0.5791015625 0.284375 0.5302734375 0.284375 0.5234375 0.2892578125 0.5234375 0.2931640625
1 0.669921875 0.5138671875 0.669921875 0.5080078125 0.67578125 0.5041015625 0.685546875 0.4865234375 0.69140625 0.4708984375 0.693359375 0.4279296875 0.705078125 0.4162109375 0.705078125 0.4103515625 0.701171875 0.4044921875 0.701171875 0.3888671875 0.6943359375 0.38203125 0.6826171875 0.378125 0.6689453125 0.3859375 0.6513671875 0.380078125 0.6416015625 0.3859375 0.6337890625 0.383984375 0.6220703125 0.36640625 0.6123046875 0.368359375 0.607421875 0.3732421875 0.607421875 0.4064453125 0.611328125 0.4357421875 0.630859375 0.4708984375 0.634765625 0.4943359375 0.623046875 0.5353515625 0.611328125 0.5529296875 0.611328125 0.5666015625 0.6181640625 0.575390625 0.630859375 0.5763671875 0.638671875 0.5705078125 0.640625 0.5568359375 0.650390625 0.5333984375 0.669921875 0.5138671875
1 0.7421875 0.6408203125 0.748046875 0.6310546875 0.751953125 0.5958984375 0.76171875 0.5666015625 0.759765625 0.5509765625 0.7529296875 0.5421875 0.6904296875 0.5109375 0.6767578125 0.51484375 0.65234375 0.5412109375 0.642578125 0.5744140625 0.642578125 0.6037109375 0.658203125 0.6193359375 0.6640625 0.6369140625 0.65234375 0.6701171875 0.6650390625 0.67890625 0.6796875 0.6779296875 0.7177734375 0.676953125 0.7353515625 0.673046875 0.740234375 0.6681640625 0.7421875 0.6408203125
1 0.705078125 0.3107421875 0.7080078125 0.315625 0.7138671875 0.31171875 0.71875 0.3166015625 0.7265625 0.3439453125 0.73046875 0.3478515625 0.734375 0.3908203125 0.740234375 0.3927734375 0.7548828125 0.383984375 0.798828125 0.3830078125 0.80859375 0.3244140625 0.81640625 0.3068359375 0.814453125 0.2990234375 0.8017578125 0.284375 0.7255859375 0.284375 0.71484375 0.3029296875 0.705078125 0.3107421875
1 0.857421875 0.3283203125 0.849609375 0.3205078125 0.8466796875 0.3078125 0.8388671875 0.31171875 0.8291015625 0.30390625 0.8193359375 0.30390625 0.810546875 0.3185546875 0.80859375 0.3400390625 0.80078125 0.3673828125 0.80078125 0.3849609375 0.8173828125 0.403515625 0.826171875 0.4044921875 0.85546875 0.3673828125 0.859375 0.3576171875 0.859375 0.3400390625 0.857421875 0.3283203125
1 0.892578125 0.2931640625 0.8857421875 0.284375 0.8203125 0.2853515625 0.8203125 0.2970703125 0.8369140625 0.3078125 0.8466796875 0.305859375 0.849609375 0.3166015625 0.859375 0.3263671875 0.859375 0.3576171875 0.83984375 0.3908203125 0.853515625 0.3908203125 0.8935546875 0.378125 0.90234375 0.3693359375 0.90234375 0.3361328125 0.892578125 0.2931640625
1 0.8896484375 0.540234375 0.89453125 0.5373046875 0.8984375 0.5275390625 0.896484375 0.5041015625 0.8876953125 0.481640625 0.8544921875 0.481640625 0.830078125 0.5158203125 0.8125 0.5294921875 0.80859375 0.5373046875 0.810546875 0.5587890625 0.837890625 0.5724609375 0.8525390625 0.567578125 0.8740234375 0.55390625 0.8818359375 0.53828125 0.8896484375 0.540234375
1 0.076171875 0.3712890625 0.080078125 0.3986328125 0.0869140625 0.40546875 0.126953125 0.4044921875 0.16796875 0.3576171875 0.177734375 0.3302734375 0.185546875 0.3185546875 0.19140625 0.2990234375 0.1767578125 0.284375 0.1064453125 0.284375 0.09375 0.3068359375 0.076171875 0.3712890625
1 0.34765625 0.3537109375 0.349609375 0.3478515625 0.345703125 0.3419921875 0.345703125 0.3244140625 0.3359375 0.3166015625 0.3271484375 0.298046875 0.3115234375 0.298046875 0.2841796875 0.31171875 0.2587890625 0.333203125 0.2294921875 0.348828125 0.201171875 0.3791015625 0.201171875 0.3908203125 0.2119140625 0.395703125 0.2470703125 0.3859375 0.2548828125 0.39765625 0.263671875 0.3966796875 0.2744140625 0.39375 0.3037109375 0.368359375 0.3115234375 0.368359375 0.34765625 0.3537109375