1 0.607421875 0.3947265625 0.607421875 0.3478515625 0.61328125 0.3341796875 0.607421875 0.3302734375 0.609375 0.3068359375 0.60546875 0.2873046875 0.5947265625 0.27265625 0.5771484375 0.26484375 0.5400390625 0.26484375 0.5068359375 0.2765625 0.4951171875 0.286328125 0.4873046875 0.282421875 0.4853515625 0.290234375 0.4755859375 0.286328125 0.4541015625 0.29609375 0.451171875 0.2892578125 0.4560546875 0.286328125 0.4208984375 0.286328125 0.4208984375 0.2921875 0.4296875 0.2931640625 0.42578125 0.3029296875 0.44140625 0.3166015625 0.4375 0.3556640625 0.4375 0.4572265625 0.44140625 0.4884765625 0.451171875 0.5119140625 0.4560546875 0.516796875 0.5068359375 0.524609375 0.5625 0.5275390625 0.607421875 0.4982421875 0.599609375 0.4767578125 0.6015625 0.4201171875 0.607421875 0.3947265625
1 0.732421875 0.4474609375 0.736328125 0.4005859375 0.73046875 0.3869140625 0.7197265625 0.376171875 0.6962890625 0.3625 0.658203125 0.3302734375 0.658203125 0.2970703125 0.6474609375 0.278515625 0.6357421875 0.2765625 0.611328125 0.3087890625 0.61328125 0.3380859375 0.609375 0.3478515625 0.599609375 0.4708984375 0.6142578125 0.497265625 0.6484375 0.4982421875 0.6982421875 0.466015625 0.7158203125 0.462109375 0.728515625 0.4533203125 0.732421875 0.4474609375
1 0.8720703125 0.65546875 0.880859375 0.6466796875 0.88671875 0.6232421875 0.88671875 0.5958984375 0.880859375 0.5646484375 0.87890625 0.5099609375 0.8671875 0.4552734375 0.8583984375 0.4484375 0.7724609375 0.454296875 0.7490234375 0.46796875 0.73828125 0.4865234375 0.74609375 0.5041015625 0.74609375 0.5294921875 0.7578125 0.5802734375 0.75 0.6388671875 0.755859375 0.6466796875 0.759765625 0.6720703125 0.767578125 0.6837890625 0.7890625 0.6837890625 0.8154296875 0.673046875 0.8427734375 0.673046875 0.8564453125 0.659375 0.8720703125 0.65546875
1 0.93359375 0.6896484375 0.92578125 0.6720703125 0.9130859375 0.661328125 0.8759765625 0.65546875 0.8447265625 0.675 0.8154296875 0.675 0.78125 0.6974609375 0.77734375 0.7169921875 0.7822265625 0.7375 0.8359375 0.7384765625 0.8720703125 0.73359375 0.9267578125 0.70625 0.93359375 0.6994140625 0.93359375 0.6896484375
1 0.435546875 0.4513671875 0.4248046875 0.440625 0.3818359375 0.442578125 0.3671875 0.4533203125 0.3525390625 0.477734375 0.3408203125 0.4796875 0.3212890625 0.501171875 0.298828125 0.5158203125 0.3642578125 0.532421875 0.4013671875 0.534375 0.4208984375 0.5421875 0.4375 0.5412109375 0.45703125 0.5197265625 0.44921875 0.5138671875 0.44140625 0.4943359375 0.435546875 0.4513671875
0 0.7109375 0.5802734375 0.7109375 0.5607421875 0.71875 0.5373046875 0.6962890625 0.520703125 0.6474609375 0.505078125 0.6123046875 0.503125 0.564453125 0.5353515625 0.5234375 0.5880859375 0.5078125 0.6173828125 0.5078125 0.6310546875 0.5234375 0.6623046875 0.5380859375 0.673046875 0.5634765625 0.675 0.5751953125 0.680859375 0.6298828125 0.680859375 0.650390625 0.6876953125 0.666015625 0.6642578125 0.69140625 0.6388671875 0.693359375 0.6095703125 0.7109375 0.5802734375
0 0.859375 0.4181640625 0.869140625 0.3966796875 0.869140625 0.3732421875 0.84375 0.3537109375 0.84375 0.3400390625 0.8330078125 0.3234375 0.8056640625 0.315625 0.7744140625 0.329296875 0.759765625 0.3458984375 0.755859375 0.3576171875 0.734375 0.3732421875 0.73828125 0.4455078125 0.728515625 0.4611328125 0.7353515625 0.469921875 0.7421875 0.4689453125 0.7548828125 0.458203125 0.7705078125 0.45234375 0.8349609375 0.446484375 0.859375 0.4181640625
0 0.939453125 0.4982421875 0.9609375 0.4884765625 0.96484375 0.4474609375 0.951171875 0.4220703125 0.9248046875 0.39765625 0.8759765625 0.372265625 0.8623046875 0.3703125 0.861328125 0.4083984375 0.84765625 0.4279296875 0.845703125 0.4376953125 0.869140625 0.4533203125 0.8828125 0.5119140625 0.8857421875 0.51875 0.890625 0.5177734375 0.8994140625 0.5109375 0.9326171875 0.516796875 0.939453125 0.5099609375 0.939453125 0.4982421875
0 0.056640625 0.3009765625 0.041015625 0.3556640625 0.044921875 0.3673828125 0.0390625 0.3712890625 0.0390625 0.3869140625 0.017578125 0.4142578125 0.01953125 0.4416015625 0.0244140625 0.438671875 0.0380859375 0.446484375 0.060546875 0.4767578125 0.060546875 0.4826171875 0.0751953125 0.497265625 0.1123046875 0.512890625 0.1787109375 0.5265625 0.23828125 0.5255859375 0.2802734375 0.51875 0.3115234375 0.503125 0.392578125 0.4318359375 0.396484375 0.4064453125 0.384765625 0.3712890625 0.3779296875 0.364453125 0.3662109375 0.36640625 0.3603515625 0.3625 0.3310546875 0.33515625 0.2861328125 0.32734375 0.271484375 0.3048828125 0.28125 0.2951171875 0.2783203125 0.290234375 0.2470703125 0.290234375 0.2333984375 0.2765625 0.2197265625 0.2765625 0.2138671875 0.2609375 0.0615234375 0.2609375 0.05078125 0.2736328125 0.056640625 0.3009765625
0 0.1591796875 0.610546875 0.169921875 0.6076171875 0.173828125 0.5978515625 0.173828125 0.5607421875 0.16796875 0.5314453125 0.1552734375 0.52265625 0.1298828125 0.51875 0.0771484375 0.49921875 0.060546875 0.4845703125 0.041015625 0.4494140625 0.0185546875 0.4328125 0.01171875 0.4494140625 0.009765625 0.5060546875 0.013671875 0.5373046875 0.021484375 0.5548828125 0.01953125 0.5744140625 0.02734375 0.5861328125 0.03125 0.6037109375 0.0478515625 0.6203125 0.0595703125 0.628125 0.080078125 0.6271484375 0.1064453125 0.6125 0.1279296875 0.606640625 0.1513671875 0.606640625 0.1591796875 0.610546875
0 0.2666015625 0.700390625 0.2353515625 0.6984375 0.2177734375 0.67890625 0.205078125 0.6740234375 0.205078125 0.6642578125 0.220703125 0.6408203125 0.220703125 0.6330078125 0.2138671875 0.628125 0.1533203125 0.60859375 0.1259765625 0.60859375 0.0732421875 0.633984375 0.052734375 0.6388671875 0.052734375 0.6486328125 0.072265625 0.6623046875 0.080078125 0.6798828125 0.0947265625 0.684765625 0.091796875 0.6896484375 0.0986328125 0.696484375 0.115234375 0.7013671875 0.1220703125 0.7296875 0.1337890625 0.7296875 0.1416015625 0.7375 0.1728515625 0.739453125 0.28125 0.7384765625 0.28515625 0.7326171875 0.279296875 0.7169921875 0.26953125 0.7091796875 0.2666015625 0.700390625
0 0.521484375 0.6701171875 0.505859375 0.6271484375 0.509765625 0.6076171875 0.521484375 0.5880859375 0.521484375 0.5705078125 0.505859375 0.5451171875 0.4931640625 0.53828125 0.4775390625 0.53828125 0.4501953125 0.55 0.4365234375 0.56171875 0.4072265625 0.5734375 0.3779296875 0.59296875 0.3525390625 0.60078125 0.3251953125 0.62421875 0.3115234375 0.630078125 0.2822265625 0.6359375 0.2626953125 0.633984375 0.2470703125 0.64375 0.2294921875 0.63984375 0.20703125 0.6662109375 0.20703125 0.6740234375 0.2177734375 0.676953125 0.2353515625 0.696484375 0.2666015625 0.696484375 0.2978515625 0.7375 0.48046875 0.7384765625 0.4990234375 0.7375 0.5205078125 0.727734375 0.541015625 0.7033203125 0.521484375 0.6701171875
0 0.373046875 0.5548828125 0.3603515625 0.532421875 0.2880859375 0.520703125 0.2607421875 0.5265625 0.171875 0.5314453125 0.1796875 0.5822265625 0.1982421875 0.614453125 0.2333984375 0.630078125 0.287109375 0.6310546875 0.3173828125 0.6203125 0.3671875 0.5861328125 0.373046875 0.5705078125 0.373046875 0.5548828125