1 0.293842853125 0.5641541578125 0.329423721875 0.6312900109374999 0.3456598984375 0.6814659265625 0.35102095 0.6867011703125 0.3922787234375 0.683816146875 0.393133215625 0.682666321875 0.44745953437499997 0.6432323984375 0.5516233109375 0.6000821109375 0.57560480625 0.57978704375 0.5868727046875 0.566486015625 0.5874244281250001 0.564559115625 0.589789653125 0.5502864953125 0.5686238703125001 0.5039671625000001 0.57171710625 0.4831439203125 0.5446521484375 0.47479569843749997 0.5369614328125001 0.474601234375 0.49935633749999997 0.4753423859375 0.41587949843749994 0.513043909375 0.38549657656249997 0.5122756578125001 0.295775915625 0.5420591531250001 0.293842853125 0.5641541578125
1 0.20073422968750002 0.687630203125 0.2120888875 0.7118564000000001 0.249298753125 0.7402679390625 0.32490552031250003 0.8717103375 0.3560448515625 0.885235609375 0.3571913578125 0.8853667062499999 0.4229153421875 0.8849301796875 0.44476976874999996 0.8953807109374999 0.44815443750000006 0.895767725 0.4548644484375 0.895298515625 0.5162404890625 0.8543333499999999 0.5197468359374999 0.7983683203124999 0.47890619218749997 0.7473978546875 0.4515695984375 0.664755834375 0.42195582031249995 0.6365029953125 0.20387309375 0.651752825 0.20073422968750002 0.687630203125
1 0.23119779375 0.3571802609375 0.24093925 0.4395726125 0.25715960781249997 0.46591833125 0.2694864515625 0.473437946875 0.302870809375 0.4711034859375 0.3107090359375 0.46329716562499995 0.33767645625 0.40070084218749996 0.32944187343750003 0.3779927765625 0.34223526249999997 0.3698395390625 0.35285182187499997 0.34695084062500003 0.3783141921875 0.32110916093749997 0.3498041640625 0.2654689484375 0.34324879375 0.219355528125 0.3466321015625 0.174451853125 0.339597896875 0.167693203125 0.3040475625 0.1808828921875 0.2845683 0.208976053125 0.24824056093750002 0.238636025 0.2505169125 0.260999646875 0.23599583906250002 0.30233835625 0.23119779375 0.3571802609375
1 0.05465818125000001 0.5645172671875 0.054751324999999997 0.564922896875 0.0812971796875 0.589091525 0.161479109375 0.5834846578125 0.1852793453125 0.547742603125 0.21691441406249998 0.5220822390625 0.275799228125 0.506139825 0.30059094062499997 0.48699463906249996 0.3238762421875 0.4530778203125 0.3277752640625 0.40851180156250005 0.31410505781250003 0.4005780109375 0.2809691390625 0.42878165 0.2478673734375 0.41627706406250004 0.2347243265625 0.3953577296875 0.2294778203125 0.34073207499999997 0.1279175796875 0.372842240625 0.12224692968749999 0.37495101875 0.0976291890625 0.40663719531250003 0.0870613921875 0.44232946718750005 0.09144024843750001 0.4704782890625 0.07414631875 0.5404342125 0.055093928125000004 0.5595366625 0.05465818125000001 0.5645172671875
0 0.513471378125 0.254812946875 0.5134705546875 0.2548882484375 0.536481190625 0.3032623921875 0.5401694 0.305427621875 0.6316431031249999 0.2990311578125 0.6518774921875 0.2854292765625 0.72131816875 0.21458129375 0.700850878125 0.1371365 0.660002515625 0.12583404843749998 0.6360333390624999 0.099537009375 0.6091816953125 0.10618670781249999 0.5498173765625001 0.13970811875 0.520755121875 0.17155936875 0.513471378125 0.254812946875
0 0.45753584375 0.1309005875 0.5187561781250001 0.16250147343750002 0.549575628125 0.1603463671875 0.5631002328125 0.14411318281250002 0.56492296875 0.1310305265625 0.606255959375 0.0877052734375 0.6118651234375 0.060998803125 0.5450219656249999 0.04554920625 0.5117457375 0.019753021875 0.49523019843749994 0.0209079 0.47194223125 0.0279474046875 0.46547617812500003 0.0401421515625 0.45753584375 0.1309005875
0 0.3219125671875 0.154564875 0.3223347734375 0.1660122515625 0.345309809375 0.1818915625 0.3674687234375 0.18550405 0.3750280109375 0.184975453125 0.444657534375 0.1606754015625 0.46295370468749997 0.11714536406250001 0.460726828125 0.0904924828125 0.448789078125 0.07034565625 0.42304424531249996 0.0654671859375 0.364520896875 0.0695595375 0.3354987765625 0.07362545312499999 0.328755871875 0.097289865625 0.325694046875 0.1113423625 0.3219125671875 0.154564875
0 0.37738257656249996 0.21279740781249998 0.38316032187500004 0.25277365625 0.40428488749999997 0.2671794515625 0.4300562453125 0.30734053437500003 0.47005654375 0.31188333125 0.4754468890625 0.3115064015625 0.5267014015625 0.3019027828125 0.5334761328125001 0.2569101015625 0.53551179375 0.2336423796875 0.5209515140625001 0.21095220625 0.5212190156250001 0.17698609062499998 0.440323021875 0.2069667265625 0.377470590625 0.2117913984375 0.37738257656249996 0.21279740781249998
0 0.3742718296875 0.3193541984375 0.3796971921875 0.3520607578125 0.45026566093750003 0.4394185015625 0.4804273453125 0.4539395 0.501817915625 0.4540858671875 0.5306277796875001 0.452071284375 0.5804478296875 0.426529415625 0.5863534171875 0.41816587343749995 0.5918189578125 0.3556944609375 0.5792633046875 0.322575853125 0.55333801875 0.2969365484375 0.49324052187499995 0.271762696875 0.47082338281249997 0.268669984375 0.4047238734375 0.27329211249999996 0.3840811859375 0.293269225 0.37480670625 0.3132405203125 0.3742718296875 0.3193541984375
0 0.5118629984374999 0.4506987578125 0.517252728125 0.4665123109375 0.5311700671875 0.477672821875 0.5748102875 0.49246408906249994 0.58155976875 0.49199211875 0.7070007375 0.46205380937499996 0.7354910859375 0.43738666562499995 0.7573345578125 0.44082504062499994 0.754346353125 0.4049930171875 0.7667708281250001 0.3938390640625 0.7479328390625 0.36465440937500004 0.7637875609375 0.3404132375 0.7935473109375 0.3177093375 0.794115403125 0.3112160265625 0.7914259015625 0.2992248734375 0.7476072375 0.2803202953125 0.7070090921875 0.2831591953125 0.5924626453124999 0.32620973124999997 0.5646106828125 0.365467015625 0.5414657546874999 0.4208173640625 0.5120071734375 0.44905083125 0.5118629984374999 0.4506987578125
0 0.0873353375 0.3330172234375 0.0916724140625 0.34610723125 0.19303231875 0.33901945625 0.2070409265625 0.334268984375 0.25199828125 0.27824839375 0.24460655468749998 0.270153490625 0.2568641359375 0.26001646875 0.263459553125 0.2088498125 0.23108259687500002 0.1741611140625 0.20748307656249998 0.17699912812500002 0.145542653125 0.20289680468750002 0.0922605125 0.2767222203125 0.0873353375 0.3330172234375
1 0.27812291562499997 0 0.2749300578125 0.006688225000000001 0.2639998078125 0.0710025046875 0.262813590625 0.0845610328125 0.26626976875 0.0952718796875 0.30274524375 0.12014761562500001 0.310934396875 0.11957497343750001 0.3242514296875 0.116254015625 0.33457602343750004 0.10136009374999999 0.33197589843749997 0.0860882984375 0.342950521875 0.075012325 0.38630902968749997 0.0623992203125 0.42259054999999995 0.0314611671875 0.4301037859375 0 0.27812291562499997 0
1 0.6920967078125 0 0.664123178125 0.023871459375 0.6633717046875 0.032460840625 0.6707937921875 0.0600774390625 0.685179784375 0.07430349375 0.7474700890625 0.0828376609375 0.7846570875000001 0.0802372921875 0.7945997890625 0.077383190625 0.8113559453124999 0.056439621875 0.8281004515625 0 0.6920967078125 0