1 0.236328125 0.4146484375 0.2617187484375 0.3306640625 0.2617187484375 0.3208984375 0.2470703125 0.3101562484375 0.2265625 0.3169921875 0.2060546875 0.382421875 0.1533203125 0.3882812484375 0.091796875 0.4341796875 0.0546875 0.4947265625 0.0390625 0.5591796875 0.0390625 0.5845703125 0.048828125 0.6138671875 0.041015625 0.6841796875 0.0546875 0.7095703125 0.1064453125 0.733984375 0.203125 0.7408203125 0.2880859375 0.718359375 0.3085937484375 0.6509765625 0.294921875 0.4966796875 0.236328125 0.4146484375
1 0.5039062515625 0.6353515625 0.4990234375 0.620703125 0.4287109375 0.6226562484375 0.3916015625 0.616796875 0.3623046875 0.601171875 0.3398437484375 0.6119140625 0.3046875 0.6744140625 0.298828125 0.7505859375 0.326171875 0.8091796875 0.3349609375 0.8179687515625 0.3476562515625 0.8169921875 0.3798828125 0.80625 0.4765625 0.7251953125 0.494140625 0.6939453125 0.5039062515625 0.6353515625
1 0.4580078125 0.74375 0.490234375 0.7017578125 0.505859375 0.6216796875 0.5498046875 0.612890625 0.5585937484375 0.6021484375 0.546875 0.5533203125 0.578125 0.4595703125 0.587890625 0.3853515625 0.5742187484375 0.3599609375 0.5585937484375 0.3541015625 0.5576171875 0.3414062484375 0.5341796875 0.3453125 0.5205078125 0.3335937515625 0.5126953125 0.339453125 0.4716796875 0.3335937515625 0.431640625 0.3677734375 0.4140625 0.3970703125 0.3789062515625 0.5025390625 0.375 0.5728515625 0.3320312515625 0.6236328125 0.3046875 0.6763671875 0.302734375 0.7623046875 0.328125 0.8091796875 0.34375 0.8150390625 0.3818359375 0.804296875 0.3935546875 0.788671875 0.4130859375 0.780859375 0.4580078125 0.74375
1 0.7548828125 0.499609375 0.5986328125 0.4703125 0.583984375 0.5083984375 0.5585937484375 0.5318359375 0.552734375 0.5611328125 0.5556640625 0.5679687515625 0.5732421875 0.566015625 0.5742187484375 0.5533203125 0.5810546875 0.550390625 0.5888671875 0.562109375 0.5947265625 0.542578125 0.5976562515625 0.5572265625 0.5869140625 0.581640625 0.5576171875 0.569921875 0.5585937484375 0.5904296875 0.5654296875 0.603125 0.6318359375 0.5914062484375 0.7294921875 0.608984375 0.7382812515625 0.6177734375 0.740234375 0.6333984375 0.7304687484375 0.6763671875 0.712890625 0.6998046875 0.708984375 0.7232421875 0.7099609375 0.733984375 0.724609375 0.7330078125 0.7773437484375 0.6705078125 0.7851562515625 0.5748046875 0.775390625 0.5201171875 0.7548828125 0.499609375
0 0.458984375 0.3130859375 0.478515625 0.2955078125 0.4882812515625 0.2681640625 0.4697265625 0.20859375156249998 0.4208984375 0.202734375 0.4072265625 0.187109375 0.3896484375 0.18125 0.3603515625 0.18125 0.3310546875 0.191015625 0.2539062515625 0.2896484375 0.2617187484375 0.3091796875 0.2773437484375 0.3169921875 0.2617187484375 0.3404296875 0.251953125 0.3814453125 0.2539062515625 0.4087890625 0.2851562515625 0.4791015625 0.3085937484375 0.5044921875 0.3046875 0.5298828125 0.314453125 0.5357421875 0.306640625 0.5376953125 0.306640625 0.5455078125 0.3173828125 0.5484375 0.3251953125 0.540625 0.3330078125 0.5484375 0.34375 0.5396484375 0.3359375 0.5298828125 0.3427734375 0.526953125 0.349609375 0.5357421875 0.34375 0.5611328125 0.3515625 0.5630859375 0.404296875 0.4205078125 0.4140625 0.3755859375 0.443359375 0.3482421875 0.458984375 0.3130859375
0 0.703125 0.7291015625 0.7109375 0.6998046875 0.732421875 0.6626953125 0.736328125 0.6216796875 0.7294921875 0.6109375 0.6240234375 0.593359375 0.6005859375 0.605078125 0.5341796875 0.61875 0.515625 0.6333984375 0.484375 0.7193359375 0.4414062515625 0.7642578125 0.443359375 0.8013671875 0.4697265625 0.843359375 0.5048828125 0.847265625 0.5205078125 0.839453125 0.572265625 0.8580078125 0.5732421875 0.8492187515625 0.5585937484375 0.8462890625 0.6572265625 0.790625 0.703125 0.7291015625
0 0.8398437484375 0.3384765625 0.841796875 0.3130859375 0.833984375 0.2837890625 0.822265625 0.2603515625 0.8017578125 0.241796875 0.7001953125 0.2320312484375 0.6611328125 0.249609375 0.6445312515625 0.2662109375 0.640625 0.2876953125 0.6523437484375 0.3248046875 0.650390625 0.3619140625 0.6367187484375 0.4048828125 0.603515625 0.4595703125 0.6591796875 0.4703125 0.7080078125 0.4898437515625 0.771484375 0.4947265625 0.7929687484375 0.4712890625 0.810546875 0.4029296875 0.826171875 0.3794921875 0.8398437484375 0.3384765625
0 0.884765625 0.4126953125 0.8642578125 0.394140625 0.8310546875 0.3804687515625 0.810546875 0.4087890625 0.794921875 0.4791015625 0.775390625 0.5005859375 0.783203125 0.5435546875 0.8251953125 0.5640625 0.8789062515625 0.5748046875 0.9013671875 0.5640625 0.9140625 0.5474609375 0.9140625 0.4751953125 0.884765625 0.4126953125
0 0.634765625 0.2583984375 0.5830078125 0.230078125 0.5107421875 0.23984375156249998 0.501953125 0.2505859375 0.5 0.2779296875 0.486328125 0.2857421875 0.474609375 0.3287109375 0.4833984375 0.3375 0.5107421875 0.335546875 0.5185546875 0.3453125 0.576171875 0.3482421875 0.5898437484375 0.3833984375 0.5859375 0.4400390625 0.595703125 0.4537109375 0.630859375 0.4087890625 0.6484375 0.3619140625 0.650390625 0.3267578125 0.634765625 0.2583984375
0 0.5351562515625 0.1236328125 0.5224609375 0.1148437515625 0.3349609375 0.1109375 0.3007812515625 0.1509765625 0.3046875 0.1705078125 0.3212890625 0.1890625 0.3642578125 0.179296875 0.4033203125 0.18125 0.4169921875 0.198828125 0.4658203125 0.202734375 0.4765625 0.2330078125 0.4882812515625 0.2369140625 0.5078125 0.2251953125 0.521484375 0.1978515625 0.5117187484375 0.1548828125 0.5351562515625 0.1236328125
0 0.603515625 0.1919921875 0.6054687484375 0.1744140625 0.5908203125 0.144140625 0.5380859375 0.1265625 0.515625 0.1587890625 0.5234375 0.1822265625 0.515625 0.2232421875 0.5380859375 0.237890625 0.546875 0.2369140625 0.5673828125 0.2320312484375 0.591796875 0.2115234375 0.591796875 0.1978515625 0.603515625 0.1919921875