0 0.673828125 0.4068359375 0.6533203125 0.386328125 0.615234375 0.3736328125 0.6328125 0.3306640625 0.6181640625 0.327734375 0.5654296875 0.347265625 0.5439453125 0.3609375 0.5234375 0.3833984375 0.50390625 0.4244140625 0.5078125 0.4478515625 0.5 0.4712890625 0.50390625 0.5044921875 0.5341796875 0.5171875 0.5947265625 0.51328125 0.6513671875 0.519140625 0.658203125 0.5240234375 0.66796875 0.4693359375 0.6796875 0.4498046875 0.6796875 0.4224609375 0.673828125 0.4068359375
0 0.6796875 0.5767578125 0.669921875 0.5533203125 0.6435546875 0.52109375 0.5966796875 0.515234375 0.5712890625 0.519140625 0.5478515625 0.5328125 0.5205078125 0.558203125 0.4892578125 0.57578125 0.48046875 0.5865234375 0.4765625 0.5943359375 0.4765625 0.6548828125 0.5322265625 0.6734375 0.5625 0.6724609375 0.6376953125 0.663671875 0.65625 0.6490234375 0.67578125 0.6177734375 0.6796875 0.5767578125
0 0.470703125 0.5259765625 0.4501953125 0.51328125 0.4404296875 0.49765625 0.4091796875 0.480078125 0.3740234375 0.49375 0.3642578125 0.503515625 0.3427734375 0.50546875 0.2822265625 0.534765625 0.255859375 0.5669921875 0.248046875 0.5962890625 0.2607421875 0.608984375 0.2744140625 0.6109375 0.2880859375 0.620703125 0.3212890625 0.63046875 0.33984375 0.6294921875 0.4130859375 0.597265625 0.4638671875 0.566015625 0.47265625 0.5552734375 0.470703125 0.5259765625
0 0.330078125 0.4087890625 0.33203125 0.3638671875 0.3203125 0.3365234375 0.2958984375 0.323828125 0.2119140625 0.331640625 0.1923828125 0.34140625 0.15234375 0.3970703125 0.1328125 0.4361328125 0.115234375 0.5103515625 0.1845703125 0.562109375 0.224609375 0.5728515625 0.25390625 0.5494140625 0.279296875 0.4966796875 0.283203125 0.4732421875 0.330078125 0.4087890625
0 0.4384765625 0.4546875 0.462890625 0.4244140625 0.4609375 0.4029296875 0.431640625 0.3755859375 0.4375 0.3501953125 0.4033203125 0.3296875 0.3740234375 0.3296875 0.337890625 0.3658203125 0.33203125 0.3853515625 0.33203125 0.4126953125 0.2890625 0.4712890625 0.287109375 0.4888671875 0.2939453125 0.495703125 0.3115234375 0.50546875 0.328125 0.5064453125 0.3505859375 0.5015625 0.3681640625 0.48984375 0.3974609375 0.480078125 0.4384765625 0.4546875
0 0.6064453125 0.706640625 0.5595703125 0.67734375 0.5341796875 0.679296875 0.4970703125 0.696875 0.48046875 0.7134765625 0.462890625 0.7408203125 0.455078125 0.7798828125 0.4599609375 0.78671875 0.640625 0.7857421875 0.650390625 0.7837890625 0.6484375 0.7720703125 0.619140625 0.7212890625 0.6064453125 0.706640625
1 0.80078125 0.6236328125 0.783203125 0.6099609375 0.7802734375 0.601171875 0.7451171875 0.5953125 0.7294921875 0.577734375 0.6923828125 0.577734375 0.685546875 0.5845703125 0.689453125 0.6119140625 0.6796875 0.6177734375 0.66796875 0.6529296875 0.6484375 0.6802734375 0.642578125 0.7251953125 0.6767578125 0.749609375 0.7080078125 0.75546875 0.7158203125 0.76328125 0.728515625 0.7662109375 0.755859375 0.7603515625 0.7890625 0.6783203125 0.791015625 0.6490234375 0.80078125 0.6236328125
1 0.890625 0.5943359375 0.8828125 0.5669921875 0.8720703125 0.558203125 0.8017578125 0.550390625 0.791015625 0.5591796875 0.779296875 0.5806640625 0.779296875 0.5943359375 0.78515625 0.6099609375 0.7978515625 0.616796875 0.802734375 0.6255859375 0.798828125 0.6431640625 0.79296875 0.6509765625 0.79296875 0.6646484375 0.78125 0.6958984375 0.779296875 0.7134765625 0.8046875 0.7134765625 0.8349609375 0.70078125 0.857421875 0.6509765625 0.890625 0.6333984375 0.890625 0.5943359375
1 0.8203125 0.4048828125 0.822265625 0.3951171875 0.81640625 0.3755859375 0.8037109375 0.366796875 0.783203125 0.3716796875 0.771484375 0.3990234375 0.7607421875 0.41171875 0.7333984375 0.425390625 0.7099609375 0.429296875 0.6875 0.4810546875 0.6904296875 0.48984375 0.7099609375 0.491796875 0.7744140625 0.5171875 0.7890625 0.5162109375 0.796875 0.5064453125 0.794921875 0.4732421875 0.802734375 0.4302734375 0.8203125 0.4048828125
1 0.474609375 0.2642578125 0.455078125 0.3091796875 0.451171875 0.3384765625 0.4736328125 0.355078125 0.5234375 0.3619140625 0.5478515625 0.353125 0.5888671875 0.327734375 0.6123046875 0.321875 0.634765625 0.2896484375 0.6572265625 0.275 0.6796875 0.2505859375 0.6875 0.2349609375 0.68359375 0.2173828125 0.6728515625 0.2125 0.5205078125 0.2125 0.5126953125 0.21640625 0.474609375 0.2642578125
1 0.482421875 0.2232421875 0.48046875 0.2134765625 0.3662109375 0.214453125 0.333984375 0.2505859375 0.326171875 0.2662109375 0.32421875 0.2896484375 0.3330078125 0.300390625 0.37109375 0.3013671875 0.3974609375 0.29453125 0.4208984375 0.280859375 0.474609375 0.2330078125 0.482421875 0.2232421875
1 0.15625 0.2251953125 0.140625 0.2525390625 0.13671875 0.2798828125 0.15625 0.3130859375 0.162109375 0.3423828125 0.16015625 0.3599609375 0.166015625 0.3638671875 0.1748046875 0.358984375 0.1796875 0.3482421875 0.1982421875 0.331640625 0.2333984375 0.323828125 0.2705078125 0.321875 0.27734375 0.3169921875 0.283203125 0.2994140625 0.283203125 0.2583984375 0.28125 0.2193359375 0.2744140625 0.2125 0.1865234375 0.2125 0.1650390625 0.218359375 0.15625 0.2251953125
0 0.794921875 0.3541015625 0.794921875 0.3130859375 0.787109375 0.2994140625 0.7646484375 0.280859375 0.7275390625 0.27890625 0.7001953125 0.288671875 0.669921875 0.3150390625 0.65625 0.3365234375 0.65625 0.3833984375 0.6865234375 0.421484375 0.71484375 0.4244140625 0.7587890625 0.409765625 0.771484375 0.3951171875 0.783203125 0.3658203125 0.794921875 0.3541015625