0 0.4375 0.5158203125 0.4150390625 0.503125 0.3857421875 0.4953125 0.3603515625 0.4796875 0.3291015625 0.471875 0.3017578125 0.45625 0.2705078125 0.446484375 0.2470703125 0.430859375 0.2119140625 0.423046875 0.203125 0.4376953125 0.201171875 0.5509765625 0.1875 0.6154296875 0.1875 0.6818359375 0.244140625 0.6837890625 0.2978515625 0.680859375 0.3505859375 0.669140625 0.388671875 0.6212890625 0.4375 0.5158203125
0 0.1875 0.5998046875 0.19921875 0.5431640625 0.19921875 0.4318359375 0.173828125 0.3986328125 0.173828125 0.3751953125 0.1591796875 0.34296875 0.1083984375 0.31171875 0.0947265625 0.298046875 0.0732421875 0.29609375 0.0439453125 0.3078125 0.0244140625 0.298046875 0.0166015625 0.3 0.009765625 0.3087890625 0.013671875 0.3166015625 0.01171875 0.3810546875 0.021484375 0.4142578125 0.013671875 0.4396484375 0.01171875 0.4826171875 0.017578125 0.5431640625 0.02734375 0.5705078125 0.041015625 0.6564453125 0.0546875 0.6876953125 0.0810546875 0.7140625 0.0947265625 0.721875 0.1328125 0.7208984375 0.1494140625 0.71796875 0.15625 0.6974609375 0.18359375 0.6779296875 0.1875 0.5998046875
0 0.80078125 0.6720703125 0.7939453125 0.665234375 0.7353515625 0.67109375 0.732421875 0.6642578125 0.7392578125 0.659375 0.7939453125 0.659375 0.8203125 0.6369140625 0.8203125 0.6232421875 0.8076171875 0.6125 0.7802734375 0.606640625 0.7744140625 0.60078125 0.7705078125 0.614453125 0.7275390625 0.567578125 0.7001953125 0.5578125 0.6611328125 0.555859375 0.6025390625 0.579296875 0.5859375 0.6017578125 0.6015625 0.7052734375 0.58984375 0.7423828125 0.6044921875 0.753125 0.650390625 0.7560546875 0.7099609375 0.708203125 0.7294921875 0.6984375 0.7978515625 0.688671875 0.80078125 0.6720703125
0 0.8837890625 0.473828125 0.8544921875 0.46796875 0.7919921875 0.520703125 0.783203125 0.5373046875 0.775390625 0.5373046875 0.775390625 0.5470703125 0.78515625 0.5744140625 0.81640625 0.5978515625 0.8232421875 0.6203125 0.873046875 0.6232421875 0.923828125 0.5978515625 0.9296875 0.5431640625 0.912109375 0.4943359375 0.8837890625 0.473828125
0 1 0.4474609375 0.9873046875 0.434765625 0.9404296875 0.4171875 0.9033203125 0.41328125 0.8642578125 0.423046875 0.853515625 0.4396484375 0.8515625 0.4689453125 0.8759765625 0.469921875 0.9033203125 0.48359375 0.91015625 0.4884765625 0.921875 0.5177734375 0.93359375 0.5236328125 1 0.4943359375 1 0.4474609375
0 0.951171875 0.6759765625 0.94921875 0.6369140625 0.974609375 0.6369140625 0.9736328125 0.630078125 0.9599609375 0.622265625 0.9482421875 0.62421875 0.9248046875 0.606640625 0.8779296875 0.626171875 0.8505859375 0.626171875 0.8349609375 0.6359375 0.83203125 0.6544921875 0.8232421875 0.659375 0.8193359375 0.6515625 0.810546875 0.6642578125 0.814453125 0.6779296875 0.806640625 0.7033203125 0.8125 0.7501953125 0.8173828125 0.75703125 0.919921875 0.7599609375 0.9462890625 0.755078125 0.95703125 0.7462890625 0.9609375 0.7189453125 0.951171875 0.6759765625
0 0.806640625 0.7248046875 0.794921875 0.7150390625 0.798828125 0.7111328125 0.7919921875 0.70625 0.7861328125 0.708203125 0.7841796875 0.70234375 0.7802734375 0.708203125 0.7705078125 0.700390625 0.7216796875 0.704296875 0.6650390625 0.7453125 0.662109375 0.7521484375 0.6728515625 0.784375 0.8046875 0.7833984375 0.81640625 0.7716796875 0.81640625 0.7638671875 0.80859375 0.7580078125 0.806640625 0.7248046875
1 0.69921875 0.4396484375 0.6953125 0.4181640625 0.6826171875 0.395703125 0.6552734375 0.38203125 0.6357421875 0.38203125 0.5419921875 0.409375 0.517578125 0.4220703125 0.515625 0.5197265625 0.5302734375 0.532421875 0.556640625 0.5314453125 0.6650390625 0.50703125 0.6875 0.4943359375 0.69921875 0.4650390625 0.69921875 0.4396484375
1 0.513671875 0.4279296875 0.501953125 0.3966796875 0.4794921875 0.372265625 0.3896484375 0.3390625 0.369140625 0.3068359375 0.365234375 0.2873046875 0.3544921875 0.28046875 0.3310546875 0.284375 0.3154296875 0.30390625 0.2822265625 0.3234375 0.2109375 0.3966796875 0.2119140625 0.419140625 0.2490234375 0.42890625 0.2802734375 0.4484375 0.3642578125 0.477734375 0.4404296875 0.512890625 0.453125 0.5119140625 0.4775390625 0.4875 0.5009765625 0.473828125 0.51171875 0.4591796875 0.513671875 0.4279296875
1 0.572265625 0.5880859375 0.55859375 0.5431640625 0.5517578125 0.536328125 0.5263671875 0.532421875 0.4912109375 0.532421875 0.4638671875 0.524609375 0.4423828125 0.5265625 0.41796875 0.5607421875 0.40234375 0.5978515625 0.404296875 0.6232421875 0.41796875 0.6525390625 0.4501953125 0.669140625 0.4697265625 0.688671875 0.5029296875 0.70234375 0.5322265625 0.7375 0.55859375 0.7521484375 0.5771484375 0.743359375 0.59765625 0.7130859375 0.5859375 0.6134765625 0.572265625 0.5880859375
1 0.5390625 0.7443359375 0.5341796875 0.739453125 0.51953125 0.7326171875 0.521484375 0.7287109375 0.505859375 0.7169921875 0.5048828125 0.708203125 0.4599609375 0.68671875 0.4541015625 0.676953125 0.4267578125 0.661328125 0.3701171875 0.6671875 0.2802734375 0.68671875 0.1865234375 0.68671875 0.1669921875 0.696484375 0.16015625 0.7091796875 0.16015625 0.7169921875 0.177734375 0.7462890625 0.201171875 0.7794921875 0.2099609375 0.784375 0.490234375 0.7833984375 0.5498046875 0.782421875 0.552734375 0.7619140625 0.53515625 0.7482421875 0.5390625 0.7443359375
1 0.84765625 0.4572265625 0.853515625 0.4416015625 0.8515625 0.4162109375 0.8271484375 0.391796875 0.7783203125 0.38203125 0.7431640625 0.39765625 0.703125 0.4357421875 0.69921875 0.4708984375 0.689453125 0.4943359375 0.6806640625 0.503125 0.654296875 0.5138671875 0.65234375 0.5373046875 0.6572265625 0.5421875 0.6767578125 0.551953125 0.7265625 0.5607421875 0.7548828125 0.55 0.76953125 0.5236328125 0.8134765625 0.497265625 0.84765625 0.4572265625