1 0.6376953125 0.64609375 0.6689453125 0.640234375 0.67578125 0.6353515625 0.67578125 0.6294921875 0.623046875 0.5669921875 0.591796875 0.4947265625 0.572265625 0.4751953125 0.5693359375 0.4625 0.5517578125 0.456640625 0.5439453125 0.444921875 0.5341796875 0.441015625 0.4521484375 0.4390625 0.4365234375 0.433203125 0.4130859375 0.433203125 0.40625 0.4400390625 0.40234375 0.4595703125 0.384765625 0.4908203125 0.38671875 0.5103515625 0.404296875 0.5708984375 0.423828125 0.5943359375 0.431640625 0.6158203125 0.4609375 0.6607421875 0.470703125 0.6998046875 0.4814453125 0.70859375 0.5 0.7095703125 0.5615234375 0.675390625 0.5869140625 0.6734375 0.6123046875 0.663671875 0.6376953125 0.64609375
1 0.869140625 0.3912109375 0.8408203125 0.347265625 0.8291015625 0.34140625 0.8017578125 0.347265625 0.7783203125 0.347265625 0.7197265625 0.308203125 0.6982421875 0.28671875 0.6689453125 0.2828125 0.6416015625 0.292578125 0.6064453125 0.319921875 0.5595703125 0.343359375 0.546875 0.3599609375 0.583984375 0.3892578125 0.6044921875 0.42734375 0.6552734375 0.448828125 0.6923828125 0.452734375 0.7626953125 0.491796875 0.7939453125 0.491796875 0.8076171875 0.487890625 0.818359375 0.4947265625 0.8125 0.5025390625 0.814453125 0.5064453125 0.8349609375 0.49375 0.849609375 0.4771484375 0.87109375 0.4166015625 0.869140625 0.3912109375
1 0.5361328125 0.4390625 0.5478515625 0.44296875 0.5576171875 0.4546875 0.5673828125 0.4546875 0.5966796875 0.4390625 0.6015625 0.4322265625 0.6015625 0.4205078125 0.583984375 0.3912109375 0.5771484375 0.384375 0.5712890625 0.384375 0.5517578125 0.358984375 0.4775390625 0.37265625 0.4130859375 0.3921875 0.3916015625 0.40390625 0.373046875 0.4205078125 0.365234375 0.4380859375 0.38671875 0.4732421875 0.38671875 0.4830078125 0.390625 0.4830078125 0.4111328125 0.433203125 0.4443359375 0.43125 0.4560546875 0.437109375 0.5361328125 0.4390625
1 0.90234375 0.5650390625 0.87890625 0.5005859375 0.8583984375 0.487890625 0.8466796875 0.487890625 0.8388671875 0.499609375 0.8232421875 0.503515625 0.814453125 0.5162109375 0.8154296875 0.530859375 0.796875 0.5318359375 0.798828125 0.5708984375 0.791015625 0.5982421875 0.8017578125 0.620703125 0.818359375 0.6216796875 0.8759765625 0.61875 0.884765625 0.6099609375 0.89453125 0.5748046875 0.90234375 0.5650390625
1 0.2412109375 0.651953125 0.2626953125 0.651953125 0.267578125 0.6470703125 0.26953125 0.6314453125 0.2578125 0.6099609375 0.2275390625 0.585546875 0.2021484375 0.5875 0.1669921875 0.5796875 0.1142578125 0.5875 0.107421875 0.6021484375 0.091796875 0.6158203125 0.087890625 0.6255859375 0.087890625 0.6744140625 0.095703125 0.7037109375 0.1240234375 0.71640625 0.193359375 0.7154296875 0.201171875 0.7095703125 0.203125 0.6900390625 0.2255859375 0.6578125 0.2412109375 0.651953125
1 0.32421875 0.5474609375 0.32421875 0.5279296875 0.33203125 0.4966796875 0.326171875 0.4849609375 0.3037109375 0.468359375 0.2451171875 0.487890625 0.2236328125 0.499609375 0.1884765625 0.5015625 0.1669921875 0.509375 0.15234375 0.5279296875 0.15234375 0.5435546875 0.1728515625 0.571875 0.1943359375 0.5796875 0.2314453125 0.58359375 0.2470703125 0.59921875 0.265625 0.6021484375 0.2841796875 0.597265625 0.3037109375 0.57578125 0.3359375 0.5650390625 0.32421875 0.5474609375
0 0.2158203125 0.49765625 0.294921875 0.4654296875 0.296875 0.4517578125 0.28515625 0.4166015625 0.287109375 0.3833984375 0.29296875 0.3716796875 0.27734375 0.3599609375 0.279296875 0.3208984375 0.2626953125 0.304296875 0.2216796875 0.284765625 0.1513671875 0.284765625 0.0966796875 0.3140625 0.0771484375 0.31796875 0.06640625 0.3248046875 0.056640625 0.3482421875 0.05859375 0.3755859375 0.0546875 0.3912109375 0.048828125 0.3951171875 0.046875 0.4087890625 0.048828125 0.5044921875 0.0546875 0.5162109375 0.0732421875 0.52890625 0.115234375 0.5298828125 0.1298828125 0.526953125 0.1474609375 0.51328125 0.1767578125 0.5015625 0.2158203125 0.49765625
0 0.3779296875 0.57578125 0.3525390625 0.571875 0.3193359375 0.573828125 0.283203125 0.6021484375 0.275390625 0.6158203125 0.275390625 0.6275390625 0.279296875 0.6314453125 0.275390625 0.6392578125 0.2958984375 0.648046875 0.328125 0.6470703125 0.3779296875 0.636328125 0.392578125 0.6216796875 0.392578125 0.6080078125 0.3779296875 0.57578125
0 0.4267578125 0.691015625 0.4072265625 0.691015625 0.3662109375 0.675390625 0.3212890625 0.675390625 0.2998046875 0.65390625 0.2666015625 0.655859375 0.2509765625 0.651953125 0.224609375 0.6607421875 0.2109375 0.6822265625 0.201171875 0.7115234375 0.2041015625 0.71640625 0.35546875 0.7173828125 0.4716796875 0.71640625 0.47265625 0.7134765625 0.4482421875 0.696875 0.4267578125 0.691015625
0 0.791015625 0.5298828125 0.7626953125 0.49375 0.7197265625 0.4703125 0.6865234375 0.4546875 0.6630859375 0.452734375 0.6494140625 0.456640625 0.6201171875 0.4703125 0.59765625 0.4908203125 0.59765625 0.5103515625 0.623046875 0.5630859375 0.638671875 0.5767578125 0.666015625 0.6158203125 0.6865234375 0.634375 0.708984375 0.6333984375 0.7490234375 0.6265625 0.787109375 0.5943359375 0.796875 0.5728515625 0.791015625 0.5298828125
1 0.6455078125 0.6578125 0.6279296875 0.667578125 0.6201171875 0.667578125 0.615234375 0.6724609375 0.619140625 0.6744140625 0.60546875 0.6841796875 0.609375 0.6939453125 0.6064453125 0.71640625 0.708984375 0.7154296875 0.70703125 0.6958984375 0.697265625 0.6802734375 0.6650390625 0.655859375 0.6455078125 0.6578125