1 0.664572440625 0.303730784375 0.686960084375 0.267466653125 0.7053919609375 0.149123896875 0.6549775109375 0.085936953125 0.6399695359375001 0.076049271875 0.5695481578125 0.078508440625 0.5412128859374999 0.0940910625 0.4962540140625 0.1325901234375 0.4515240359375 0.20318034218749997 0.45049970625 0.2097936765625 0.44904699375 0.334639578125 0.45194124062499996 0.3528634265625 0.4696100171875 0.39281145156249997 0.4996755734375 0.4050506921875 0.54390955625 0.3975602796875 0.6075792296875 0.354434303125 0.664572440625 0.303730784375
1 0.334178228125 0.43548592812500003 0.334998296875 0.36500935624999997 0.33447209375 0.3645398375 0.28538848125 0.366174453125 0.2632764875 0.3513876890625 0.1876375171875 0.3439219296875 0.1626933046875 0.3280203953125 0.165967996875 0.292808728125 0.204607665625 0.21406216875 0.2141617609375 0.18775444375 0.1933151453125 0.1884824234375 0.161916203125 0.2101015125 0.1231470203125 0.269194925 0.1031904390625 0.3154149171875 0.0983895140625 0.40336543125 0.09821846875 0.41806504687499996 0.11864822500000001 0.4438437109375 0.1223114640625 0.46759148906250003 0.154141203125 0.4936384875 0.303470353125 0.508478896875 0.329429025 0.47138071249999997 0.334178228125 0.43548592812500003
1 0.48659878437500004 0.57180303125 0.5018427578125 0.519218859375 0.49402666718750005 0.4847291421875 0.46393736093750004 0.4498820890625 0.448333165625 0.40928358749999993 0.4263180796875 0.39119756875 0.41538661250000003 0.3915793046875 0.3400812984375 0.4360983296875 0.304045171875 0.44724074218750004 0.3034803453125 0.49578175625 0.3103975984375 0.520047640625 0.3580688109375 0.5805119015625 0.3931082984375 0.600906196875 0.457249140625 0.6067222906249999 0.4711956875 0.5990815656249999 0.48659878437500004 0.57180303125
1 0.31859869218750003 0.647713090625 0.31302935781249996 0.6229090453125 0.328189996875 0.583697428125 0.312041465625 0.5651431671875 0.3456107125 0.5589986546875 0.351831465625 0.5466793015625 0.335018471875 0.5162713875 0.3116681375 0.49984619375 0.2825915765625 0.5008615703125 0.24398941718749997 0.5066558484375 0.1960726609375 0.5378446953125 0.181525328125 0.641140721875 0.1811672578125 0.6719132890624999 0.1874386078125 0.6906199984375 0.22481985937500001 0.683664221875 0.2641071109375 0.676302821875 0.28188190468749996 0.6665225140625 0.2812174453125 0.6546688640625 0.31859869218750003 0.647713090625
1 0.49024485 0.3778081671875 0.490520078125 0.3746345125 0.479902425 0.3572558328125 0.4467154765625 0.337279375 0.3796190171875 0.32410627187499996 0.3640382015625 0.324650365625 0.339788325 0.32846156875 0.3396059171875 0.3441375828125 0.37670374375 0.3728289703125 0.37051860468750003 0.42301997968749994 0.399811309375 0.42199705625000006 0.43753804531249996 0.3983649078125 0.48674518125 0.3902006953125 0.49024485 0.3778081671875
1 0.354767171875 0.8672881671875 0.296999453125 0.8020344203124999 0.30843382343750003 0.73791890625 0.3048913625 0.7030915171875 0.2911145625 0.6837910093749999 0.2473989359375 0.67545755 0.24185874375 0.6756510171875 0.1960343125 0.6893715453125 0.1726949125 0.7080252687499999 0.2066067015625 0.7486419203125 0.2073799765625 0.7949951000000001 0.18491168281249998 0.801761203125 0.13745960937499999 0.792715471875 0.1540777828125 0.760726809375 0.1457671765625 0.75813809375 0.1373037375 0.768578396875 0.120477734375 0.768384296875 0.10930553750000001 0.8075082374999999 0.1092067546875 0.8159976828125 0.11884247968749999 0.8454170140624999 0.16886199531249999 0.88508636875 0.2546363875 0.92052243125 0.2812608703125 0.926200509375 0.2993160890625 0.929642353125 0.354767171875 0.8672881671875
1 0.5209534734375 0.7282774937500001 0.5001485078125001 0.7259822140625001 0.47319015625 0.7269236203125 0.4443621453125 0.7503729078125 0.4354895859375 0.7937000015625 0.44126305625000006 0.82269100625 0.4243096109375 0.8498486734374999 0.4242927109375 0.8513010937500001 0.465180346875 0.8849739578125 0.5280351765625 0.8781476328125001 0.5604530546875 0.8551491406249999 0.5605763671874999 0.8445516062499999 0.5490122828125 0.7591573875 0.5209534734375 0.7282774937500001
1 0.441377834375 0.9466193984375 0.4208592453125 0.9146463390624999 0.435313984375 0.872730753125 0.4089824796875 0.8609831437500001 0.40858492343749997 0.8609387203125 0.38936462656250004 0.8774893765625 0.38864789375000003 0.8882920046875 0.3257453828125 0.858583578125 0.3125828328125 0.8590432234375 0.28233037968749997 0.8645391609375 0.26331427343749997 0.8792328953125 0.2519006578125 0.9017385593749999 0.2517079640625 0.918298578125 0.2862530125 0.952039265625 0.307191434375 0.9563577750000001 0.3244592 0.98401020625 0.3374874875 0.9878083375 0.40898881249999997 0.98531145625 0.43893073125 0.9621753484375001 0.441377834375 0.9466193984375
0 0.69260413125 0.8343514437499999 0.7193446515625 0.8355275734375001 0.7428897078125 0.8054534 0.7625144875000001 0.7998800578124999 0.7667828125 0.787666071875 0.767011740625 0.7679919843749999 0.7277515546875 0.7561562296875 0.680479575 0.72475521875 0.66755225625 0.6951465046874999 0.635324334375 0.696271928125 0.5943524015625 0.7137438921875 0.5847894171875 0.7369237875 0.57525344375 0.7316412328124999 0.5722533546874999 0.7777090578125 0.5886286421875 0.7978103171875001 0.56694489375 0.8064010078124999 0.5668886359374999 0.8112358468749999 0.5708577484374999 0.8322864265625001 0.5927307828124999 0.8648588453125001 0.6459353984375 0.8752803359374999 0.6588253 0.8864317421875001 0.680738859375 0.8763104828125 0.69260413125 0.8343514437499999
0 0.8602413203125 0.607177103125 0.7928372031250001 0.4137085359375 0.7639009031249999 0.40283689375 0.696321290625 0.405196825 0.7009354453125 0.4613279078125 0.681942353125 0.499011159375 0.629119246875 0.5474490296875001 0.627631475 0.5573842296875 0.6262671125 0.674637253125 0.6266346140625 0.676503453125 0.6516388859375 0.707045146875 0.716124971875 0.7335079328125 0.8082320921875 0.721059559375 0.8418054078124999 0.6663411984375001 0.8602413203125 0.607177103125
0 0.6103091828125 0.4840256296875 0.6295570765625 0.4794012421875 0.646310521875 0.500173125 0.626155996875 0.510966603125 0.672862996875 0.5344553140625 0.684967034375 0.5340326328125 0.6930654859375001 0.5315908265625 0.727718925 0.47267937968749996 0.7256874296875 0.4275410359375 0.70384079375 0.3950983921875 0.6816523640625001 0.37761605 0.63160108125 0.3606009515625 0.62769641875 0.36073730625 0.627270009375 0.3608260953125 0.563270765625 0.3762021859375 0.541259090625 0.3895248015625 0.5244882921875 0.4283216828125 0.5240284421875 0.467841121875 0.5308279812500001 0.4941944171875 0.5951387312499999 0.477751609375 0.602270640625 0.48397316718749994 0.5857402390625001 0.48695278750000004 0.6037397046875 0.5034577921875 0.6103091828125 0.4840256296875
0 0.3503156234375 0.3545653359375 0.3920337046875 0.3490742 0.40165834531250005 0.352772409375 0.4311256421875 0.3517433875 0.4441066171875 0.34755427499999997 0.47671618281250006 0.29355732031250004 0.49131721875 0.30763795625 0.529807121875 0.2977224875 0.5249424578124999 0.27617751875 0.5336608109375 0.26302809374999997 0.5467882375 0.2913654953125 0.54600035625 0.25885805 0.5285730515625 0.2177512046875 0.4667755109375 0.14247834374999999 0.40418069687499997 0.10210373125000001 0.4004432515625 0.11496123750000001 0.3870880375 0.0965947640625 0.3594664203125 0.09974553281250001 0.3219992390625 0.08164324687499999 0.283058453125 0.077797721875 0.2751885671875 0.06848345781250001 0.27157081875 0.06860979218749999 0.236531228125 0.087801259375 0.21785341093750002 0.084683096875 0.17041971718749999 0.10086749375 0.1557000859375 0.12547516875 0.153012528125 0.1385449140625 0.15222551875 0.20618028124999999 0.21217033125 0.249699184375 0.24815920625 0.31576108281250004 0.2586881546875 0.30710135 0.272494265625 0.3392288109375 0.3066046375 0.3560917578125 0.3503156234375 0.3545653359375
0 0.6182032640624999 0.96169564375 0.6434445249999999 0.9419365031250001 0.6492833 0.9151626046875 0.633159215625 0.8851412421875 0.58398985625 0.8749624109375 0.49616163750000003 0.8573181062499999 0.471068453125 0.8581943796875 0.4709623875 0.8673096140625001 0.4718918421875 0.8784397796875 0.5069157609375 0.9326611046875 0.559698925 0.9771864546875 0.5772065828125 0.9770844609375 0.6182032640624999 0.96169564375
0 0.9195968593750001 0.834722096875 0.9079860656250001 0.8351275546875 0.7723498390625 0.846991275 0.7612460750000001 0.8864930921875 0.7611976203124999 0.8906572625000001 0.767256171875 0.94602899375 0.7804109687499999 0.9649694609375 0.788764403125 0.9651156265624999 0.8553365328125 0.9314645593750001 0.9194461015625001 0.8476782 0.9195968593750001 0.834722096875