0 0.6796875 0.4888671875 0.6630859375 0.4703125 0.6396484375 0.464453125 0.6376953125 0.448828125 0.5908203125 0.421484375 0.5517578125 0.417578125 0.5458984375 0.4234375 0.5263671875 0.41953125 0.5009765625 0.42734375 0.48046875 0.4654296875 0.48046875 0.5259765625 0.505859375 0.5611328125 0.5205078125 0.573828125 0.5576171875 0.58359375 0.58203125 0.5826171875 0.6279296875 0.577734375 0.6552734375 0.56015625 0.67578125 0.5318359375 0.6796875 0.4888671875
0 0.470703125 0.4595703125 0.458984375 0.4400390625 0.4462890625 0.429296875 0.3837890625 0.409765625 0.3310546875 0.41171875 0.2978515625 0.417578125 0.2890625 0.4283203125 0.271484375 0.4791015625 0.271484375 0.4869140625 0.28125 0.5044921875 0.3486328125 0.56015625 0.3779296875 0.5640625 0.4150390625 0.56015625 0.4296875 0.5650390625 0.4443359375 0.55625 0.474609375 0.5240234375 0.478515625 0.4849609375 0.470703125 0.4595703125
0 0.3037109375 0.61875 0.330078125 0.6001953125 0.3359375 0.5689453125 0.33203125 0.5513671875 0.3056640625 0.525 0.2841796875 0.511328125 0.2685546875 0.491796875 0.2294921875 0.48203125 0.2119140625 0.483984375 0.1513671875 0.511328125 0.138671875 0.5240234375 0.134765625 0.5552734375 0.140625 0.5982421875 0.15234375 0.6294921875 0.1611328125 0.6421875 0.197265625 0.6412109375 0.2099609375 0.640234375 0.2294921875 0.6265625 0.2685546875 0.6265625 0.3037109375 0.61875
0 0.13671875 0.5943359375 0.1328125 0.5337890625 0.1201171875 0.5171875 0.1064453125 0.5171875 0.0986328125 0.511328125 0.0791015625 0.507421875 0.0419921875 0.50546875 0.01953125 0.5201171875 0.017578125 0.5435546875 0.025390625 0.5650390625 0.025390625 0.5748046875 0.017578125 0.5806640625 0.017578125 0.5982421875 0.025390625 0.6275390625 0.0234375 0.6490234375 0.0322265625 0.663671875 0.041015625 0.6626953125 0.0947265625 0.65 0.1376953125 0.648046875 0.15234375 0.6431640625 0.13671875 0.5943359375
0 0.318359375 0.6998046875 0.2998046875 0.665625 0.2509765625 0.65 0.1650390625 0.648046875 0.0908203125 0.65390625 0.0341796875 0.66953125 0.02734375 0.6763671875 0.021484375 0.6958984375 0.0234375 0.7349609375 0.0498046875 0.753515625 0.228515625 0.7564453125 0.2548828125 0.75546875 0.2802734375 0.737890625 0.322265625 0.7271484375 0.318359375 0.6998046875
0 0.96484375 0.6255859375 0.962890625 0.6138671875 0.966796875 0.6080078125 0.9716796875 0.603125 0.9794921875 0.603125 0.984375 0.5962890625 0.986328125 0.5552734375 0.9658203125 0.542578125 0.9326171875 0.534765625 0.8994140625 0.538671875 0.8759765625 0.5328125 0.8505859375 0.5328125 0.8212890625 0.54453125 0.81640625 0.5611328125 0.802734375 0.5708984375 0.796875 0.5826171875 0.79296875 0.6333984375 0.796875 0.6431640625 0.8271484375 0.66953125 0.853515625 0.6724609375 0.8720703125 0.66953125 0.9501953125 0.63046875 0.9580078125 0.632421875 0.96484375 0.6255859375
1 0.79296875 0.5357421875 0.78515625 0.5220703125 0.7568359375 0.495703125 0.7275390625 0.49375 0.6904296875 0.5015625 0.681640625 0.5123046875 0.6796875 0.5298828125 0.669921875 0.5494140625 0.6591796875 0.562109375 0.638671875 0.5748046875 0.638671875 0.6509765625 0.6484375 0.6724609375 0.65625 0.6724609375 0.7490234375 0.628515625 0.779296875 0.5806640625 0.79296875 0.5474609375 0.79296875 0.5357421875
1 0.455078125 0.6392578125 0.451171875 0.6236328125 0.4404296875 0.612890625 0.4033203125 0.601171875 0.3779296875 0.59921875 0.3623046875 0.605078125 0.3212890625 0.608984375 0.2744140625 0.632421875 0.2685546875 0.628515625 0.2626953125 0.632421875 0.2294921875 0.632421875 0.21875 0.6373046875 0.2197265625 0.6421875 0.2626953125 0.648046875 0.3037109375 0.665625 0.3232421875 0.70859375 0.3486328125 0.7203125 0.3671875 0.7193359375 0.4248046875 0.70859375 0.451171875 0.6939453125 0.44921875 0.6626953125 0.455078125 0.6392578125
1 0.5087890625 0.710546875 0.4814453125 0.70078125 0.4443359375 0.702734375 0.4013671875 0.71640625 0.3642578125 0.7203125 0.2861328125 0.737890625 0.275390625 0.7525390625 0.2783203125 0.7571130296875 0.52734375 0.7564453125 0.5390625 0.7525390625 0.52734375 0.7447265625 0.525390625 0.7251953125 0.5087890625 0.710546875
1 0.796875 0.6744140625 0.7841796875 0.667578125 0.7529296875 0.68515625 0.7041015625 0.70078125 0.5830078125 0.702734375 0.5673828125 0.7046875 0.52734375 0.7212890625 0.55859375 0.7427734375 0.5537109375 0.741796875 0.541015625 0.7525390625 0.5517578125 0.75546875 0.5634765625 0.749609375 0.5712890625 0.7571130296875 0.705078125 0.7564453125 0.7666015625 0.7359375 0.771484375 0.7232421875 0.802734375 0.6958984375 0.796875 0.6744140625
0 0.6337890625 0.69296875 0.642578125 0.6861328125 0.64453125 0.6705078125 0.630859375 0.6509765625 0.63671875 0.6412109375 0.63671875 0.6255859375 0.6279296875 0.5875 0.6162109375 0.581640625 0.5927734375 0.581640625 0.5791015625 0.5875 0.5595703125 0.612890625 0.5263671875 0.616796875 0.5078125 0.6255859375 0.484375 0.6978515625 0.5185546875 0.714453125 0.541015625 0.7134765625 0.5595703125 0.7046875 0.5927734375 0.70078125 0.6142578125 0.691015625 0.6337890625 0.69296875