0 0.5467473046875 0.4774952671875 0.5434237453125 0.42632675000000003 0.5399662859375 0.40455657343749996 0.5334766328125 0.391158253125 0.514057009375 0.3687512828125 0.5130425046875 0.368026590625 0.47842162187500004 0.3666158984375 0.45664724687499997 0.375537675 0.44821767812499996 0.3848791421875 0.42698168281250004 0.388486596875 0.40310775468750004 0.4004516640625 0.3670389765625 0.4105335796875 0.3539359390625 0.421657634375 0.349271653125 0.44222372187500003 0.358942740625 0.4781509671875 0.37033439375 0.49994430625 0.40246463437499996 0.5399658125 0.4297206078125 0.5867474515625 0.44425678125 0.597131059375 0.497682103125 0.5465305984375 0.5054042828124999 0.545218796875 0.5249197125 0.55574524375 0.53426665 0.5521800625 0.5459513828125 0.5230935750000001 0.5467473046875 0.4774952671875
0 0.6490910624999999 0.3472961375 0.6432208921875 0.3412371265625 0.6289159062499999 0.338348621875 0.6137721640625 0.3377315609375 0.6108831875 0.337927121875 0.5976557125 0.3463239796875 0.58536091875 0.37000160625 0.56903393125 0.3787787640625 0.55521519375 0.4081856453125 0.5484765359375 0.441034484375 0.5547271890625 0.451352096875 0.5716654125 0.46282161562499996 0.5887385453125 0.46626907187500005 0.6226466453125 0.45902961875 0.6436497796875 0.43718143125 0.6477940671875 0.421600990625 0.6490910624999999 0.3472961375
0 0.7157689765625 0.37922798750000003 0.7010591093749999 0.38184266718750004 0.6695855765625 0.37596884375 0.667817490625 0.3758968 0.642592421875 0.3994286640625 0.63375859375 0.4152779015625 0.6335128 0.42935942968749996 0.6650403375 0.4645437109375 0.687479453125 0.469517603125 0.6934020546874999 0.470622921875 0.699345684375 0.4679980140625 0.702625778125 0.4723443203125 0.70309181875 0.4724312984375 0.7101335234375 0.46902864843750003 0.7040873624999999 0.434489428125 0.7090432203125 0.390211425 0.715737559375 0.381027878125 0.7157689765625 0.37922798750000003
0 0.635258053125 0.590348465625 0.6546287296875 0.5675187828125 0.65592871875 0.493042521875 0.6522137671875 0.48422635625000005 0.6387507718750001 0.47488212343749997 0.6268422140625 0.4711710875 0.61856544375 0.47083383437500004 0.6040523531249999 0.47165682656249996 0.592320040625 0.472878515625 0.591284328125 0.5140170734375 0.5522257359375 0.5327380796875001 0.5480902640624999 0.543914846875 0.602988390625 0.5821597671875 0.6341988375 0.59030530625 0.635258053125 0.590348465625
0 0.6463497046875 0.5939276390625 0.5972198578125 0.5919257499999999 0.573770928125 0.6109551203125 0.5692611328125 0.6209466406249999 0.5692200265625 0.6233016359375 0.57074370625 0.6369733859375 0.5897478 0.6656780296875 0.6081090828125 0.6531608078125 0.6191303031250001 0.6102363640624999 0.64634583125 0.59414956875 0.6463497046875 0.5939276390625
0 0.8023970125 0.7014858046875 0.7992102984375 0.6807027859375 0.7737774187500001 0.6570373875 0.771583090625 0.6568841265625001 0.7482599078125001 0.6559337796875 0.70127448125 0.6953607578125001 0.6974512515625 0.7214778703125 0.6974047046875 0.7254811015625 0.70459156875 0.7464063421875 0.7123610421875 0.7508577546875 0.726032546875 0.752203503125 0.74685363125 0.753657728125 0.7575236859375 0.734468278125 0.7723468875 0.7208457312500001 0.8023412421874999 0.7046808734375001 0.8023970125 0.7014858046875
0 0.8364670609375 0.5125484828125 0.8480850999999999 0.5026563484375 0.8488515984375 0.45874361406249997 0.84561881875 0.4372344015625 0.833755365625 0.4271705953125 0.8189021343749999 0.422706921875 0.8173004171875 0.42264165625 0.8106723703125001 0.43063150468750006 0.796649471875 0.43646067187500004 0.7994503734375 0.46187897031249997 0.790386596875 0.48609484218750004 0.8059176703125001 0.4939524515625 0.8236069625000001 0.49477846562499994 0.8283101078125 0.5122161125 0.8364670609375 0.5125484828125
0 0.81888960625 0.38368040468750003 0.8137283015625 0.3766365765625 0.80013819375 0.37378542656249997 0.7765672703125001 0.355070825 0.75967444375 0.323495978125 0.754723759375 0.32245734375 0.7425390000000001 0.32432694375 0.7151997640625 0.3168466390625 0.7106074359375001 0.316659515625 0.69754605625 0.32570650625 0.7080034000000001 0.337735784375 0.7036439828125001 0.3407553421875 0.715363309375 0.3746871890625 0.7136954609374999 0.38810679531250003 0.6890128734375 0.40820505156250003 0.6888859453125 0.41547674062500006 0.7079771234375001 0.43411687656250003 0.7228645453125 0.47461460000000005 0.7325717671875001 0.47665113437500006 0.7701386640625 0.46289471249999997 0.777869109375 0.448779940625 0.7766071265625001 0.426877371875 0.8153653468750001 0.40353551718749997 0.8186803421875 0.3944939765625 0.81870420625 0.394301959375 0.81888960625 0.38368040468750003
0 0.7345595890625 0.288086084375 0.7285058890625 0.2851728 0.6673368921875 0.27111525937500003 0.6438454515625 0.27015805625 0.6339143218750001 0.27026878125 0.6043861140625 0.2813044265625 0.598248646875 0.2967928046875 0.6115580078125 0.3185959609375 0.5988681359375 0.3173233859375 0.5938956296875 0.32209235 0.6052159890625 0.34580309374999996 0.634030803125 0.370031615625 0.6406195734375 0.3703000875 0.6782012640625 0.3660655421875 0.6951418765625 0.3478979484375 0.701381621875 0.3265501921875 0.7343521671875 0.29996929843750003 0.7345595890625 0.288086084375
0 0.1692339796875 0.42704498593749995 0.1475386640625 0.4009245609375 0.11809613125 0.387966390625 0.0896736921875 0.3679753578125 0.0808881671875 0.36761737656250004 0.06464903281249999 0.3818314640625 0.062951871875 0.39146545312500003 0.049932465625 0.40909249843750006 0.0378244796875 0.4665682390625 0.0578721359375 0.5047177109375001 0.1019220078125 0.5191738796875 0.1238876296875 0.5070413609375 0.135774809375 0.49021362343749997 0.15309995625 0.4931673 0.15921396875 0.4888510484375 0.1611147890625 0.4780609828125 0.1611371046875 0.47568318749999994 0.1544553375 0.46859005 0.1655497265625 0.45063481875000005 0.1691821328125 0.43001536093750004 0.1692339796875 0.42704498593749995
1 0.20698883124999998 0.5931310375 0.19174065625 0.56561349375 0.1356146546875 0.502956284375 0.09763583125 0.4820181703125 0.0930784734375 0.4806941078125 0.055829709375 0.47917633593750003 0.0453347828125 0.48821563437500004 0.015670009375 0.5355334843749999 0.0156049328125 0.539261728125 0.028542643750000003 0.608127428125 0.056430471875 0.634056975 0.0693897546875 0.630295034375 0.081885115625 0.6176827828125 0.13533155937500002 0.6086488125 0.141636028125 0.601368784375 0.1573500203125 0.6007841375 0.169978171875 0.6195071234375 0.1817920609375 0.6185816859375 0.201169390625 0.6055919140625 0.20694378281249998 0.5957119140625 0.20698883124999998 0.5931310375
1 0.3013301515625 0.47349515625 0.3007614765625 0.47101771406250004 0.293965696875 0.448361596875 0.2804940953125 0.43310875937500004 0.252967034375 0.42177773125 0.24987464843749999 0.4214113859375 0.191522815625 0.41903373125 0.1847375171875 0.4199024921875 0.1734925984375 0.4864547984375 0.17431936875 0.49005663593750004 0.178302828125 0.5004608359375 0.2070000609375 0.49951512343750004 0.247701284375 0.4770230609375 0.26146420625 0.4761704328125 0.27376441875 0.49066373125 0.2856264296875 0.5162789453125 0.299680665625 0.4993208578125 0.30107800625 0.4879405171875 0.3013301515625 0.47349515625
1 0.40128055468749996 0.4804112015625 0.38865582656250003 0.453590584375 0.3884968234375 0.4398642125 0.4022700140625 0.42372511093750004 0.40344263125 0.3565459390625 0.4031681171875 0.3560002265625 0.3804582671875 0.336717290625 0.3365054796875 0.3201793640625 0.30714557343750004 0.318983040625 0.28419253125 0.381943309375 0.29410884843749996 0.39399324375 0.2306408984375 0.400968265625 0.21266079843750002 0.45239189062499996 0.19822926875 0.47255473906249995 0.1865386671875 0.47613519374999996 0.1778388625 0.48470326249999995 0.18418389375 0.5260530640625001 0.1913363140625 0.5298243859375 0.1961550765625 0.5300207359375 0.232117375 0.5284274375 0.4000158046875 0.50586763125 0.40085671874999995 0.504692759375 0.40128055468749996 0.4804112015625
1 0.6155640734375 0.5660506296875 0.6059212484375001 0.548413328125 0.5789191453125 0.53801726875 0.5564880796875 0.5371032734375001 0.49501854375 0.5753799671875 0.49242433906249994 0.583146390625 0.5060049390625 0.608644609375 0.5084835328125 0.6262162796874999 0.5258179359375 0.653707571875 0.5480359640625 0.6335008546875 0.614998428125 0.5984564890625 0.6155640734375 0.5660506296875
1 0.757998959375 0.6472508734375 0.7522653609375001 0.587185465625 0.7417394203125001 0.532101778125 0.724588625 0.5185093546874999 0.7165376671875 0.482643953125 0.706573753125 0.4822379546875 0.667429965625 0.48667576874999996 0.6507197296875 0.4927968921875 0.6467117250000001 0.499747803125 0.6511575625 0.5687095156249999 0.6491869218749999 0.5845089125 0.6406956171875 0.594472784375 0.64429505625 0.6082318078125 0.6611734765625 0.635630853125 0.6528503546875 0.67911489375 0.6595491874999999 0.711762921875 0.6726725140625 0.71229765625 0.6819557109375001 0.7034057765624999 0.691397603125 0.701317803125 0.7015524390625 0.705136753125 0.72454569375 0.7028821796875 0.7478113234375 0.6868209843749999 0.7576404640625001 0.66778901875 0.757998959375 0.6472508734375