1 0.287686265625 0.6548163515625001 0.2885843546875 0.6654583546875 0.32202686875 0.7104539296875 0.32366045 0.7264252828125 0.41848438593750004 0.727528659375 0.47640803906249996 0.6977405015625 0.5077683984375 0.69774101875 0.5817691125 0.6701528859375 0.5846225546875 0.639587065625 0.53514310625 0.579385003125 0.5057804499999999 0.5304768875 0.47980524999999996 0.5114024828125 0.47764922500000007 0.5114024453125 0.4642392796875 0.5158039078125001 0.45677988750000004 0.530476078125 0.4110412640625 0.570579575 0.3151222953125 0.6155730078125 0.29566304374999997 0.636113890625 0.2883136421875 0.64809595 0.287686265625 0.6548163515625001
1 0.1830759203125 0.7197939171875001 0.1996721921875 0.7729459078125 0.2581807703125 0.8154236156250001 0.31501256875 0.8904396640625001 0.365506646875 0.919308475 0.37216070156250003 0.919385903125 0.5501132546874999 0.8804264281249999 0.554664975 0.8316688062500001 0.53211395625 0.807381196875 0.4853711609375 0.7859861625 0.371124896875 0.6788497375 0.22097602031250002 0.677102596875 0.18323288124999998 0.7181125578125 0.1830759203125 0.7197939171875001
1 0.22983624531250002 0.36970129375 0.23890300312499999 0.458380284375 0.2546992015625 0.4871647765625 0.27241535 0.5005845812499999 0.2971568015625 0.5008724734375 0.3079581109375 0.49143102499999997 0.3355382171875 0.4315072125 0.3276345703125 0.4074398203125 0.3404517859375 0.4008342640625 0.35128781875000004 0.37902046875 0.3769166984375 0.3561342125 0.349267809375 0.2960862046875 0.343323153125 0.248526459375 0.3472422484375 0.203476790625 0.3403341859375 0.1957211484375 0.3048349 0.2044871578125 0.2851251546875 0.230427484375 0.24864914531250001 0.25577724062499996 0.2506347640625 0.278725596875 0.2342307484375 0.3226277671875 0.22983624531250002 0.36970129375
1 0.0378225609375 0.48289191093749995 0.037533021875 0.491148140625 0.0486468078125 0.504129221875 0.0864896875 0.48739903125 0.114093459375 0.5110257171875 0.1210530484375 0.5362279171875 0.1133970953125 0.5847650875 0.2316940125 0.586141596875 0.2511917515625 0.571538428125 0.26995497031250004 0.539728125 0.27294681718749997 0.51032915625 0.3065475578125 0.446822346875 0.3268790953125 0.43553505000000003 0.327935775 0.4242159859375 0.2983929984375 0.3718239765625 0.2630744078125 0.3664968125 0.258279453125 0.3666358078125 0.23957620781250002 0.3715748171875 0.20517881875000002 0.401884175 0.1693673859375 0.41660132968749997 0.11068779687500001 0.41243989062499997 0.082864946875 0.42301716875000006 0.041426098437499996 0.458416025 0.038258115625 0.478226284375 0.0378225609375 0.48289191093749995
0 0.5272662 0.19965568281249998 0.5398693906250001 0.282295790625 0.577911915625 0.3087214109375 0.5986569671875 0.3444959203125 0.61809993125 0.34662305781249997 0.6276126843750001 0.3467337484375 0.684087625 0.3342795890625 0.7190307781249999 0.30851574375 0.726828615625 0.2249859859375 0.709925653125 0.17053071875 0.687277628125 0.14637328125 0.6674672765625 0.14406999843749999 0.6099267359375 0.143400453125 0.5984634171875001 0.147168003125 0.5277689828125001 0.19426991093749998 0.5272662 0.19965568281249998
0 0.4644604859375 0.135181021875 0.49059374062499994 0.2083411859375 0.5036428015625 0.2201554453125 0.5274143390625 0.2204320515625 0.5437414281249999 0.217128703125 0.56759905625 0.17155194375 0.61692581875 0.1284410328125 0.6180123578125001 0.1168021265625 0.6088942984375 0.1009148859375 0.55889770625 0.079377928125 0.55324976875 0.0676551125 0.536155565625 0.0585711234375 0.508825921875 0.0708832078125 0.46489635937499996 0.13051198749999998 0.4644604859375 0.135181021875
0 0.32858848749999997 0.1664086859375 0.38251463281250003 0.21950313906250002 0.407714878125 0.226860209375 0.41138516875000003 0.22690291718750003 0.4382390640625 0.2236412578125 0.4567451375 0.19568563125 0.47039619374999997 0.155090078125 0.4719656125 0.1382786046875 0.41032594062500005 0.0982324546875 0.3815551265625 0.09058105625 0.3669388765625 0.09041098125 0.3500478375 0.0998409375 0.334211015625 0.1214998171875 0.328817140625 0.163959375 0.32858848749999997 0.1664086859375
0 0.3653167734375 0.34266701718750003 0.3869922046875 0.350190665625 0.46801368749999994 0.3511334359375 0.4964658421875 0.324673528125 0.52205440625 0.3133266953125 0.540220459375 0.27662964375 0.5405098828125 0.2735293734375 0.481299915625 0.260520378125 0.4119173171875 0.22010903437499998 0.40076796249999996 0.253599125 0.3770531828125 0.27565337031250003 0.366116534375 0.334100053125 0.3653167734375 0.34266701718750003
0 0.36436483124999997 0.4198863234375 0.38156131875 0.45712229375 0.409079390625 0.4788662796875 0.45155818593749997 0.49015551874999996 0.533772834375 0.49111217187499995 0.560300090625 0.48221052656249996 0.580882446875 0.45888046875 0.5903683796875 0.43524192343749996 0.5825080609375 0.40011578124999997 0.5067614500000001 0.323551846875 0.47548091093749995 0.31339645312500003 0.42887917968749995 0.3194951203125 0.3753743578125 0.354462896875 0.3695937640625 0.3638744515625 0.36436483124999997 0.4198863234375
0 0.5726514593750001 0.544747275 0.699734734375 0.5225024312500001 0.72882555625 0.499473140625 0.7506000265624999 0.5043470812499999 0.748458815625 0.468034159375 0.7611545515625 0.457591271875 0.74299708125 0.4269576171875 0.75943499375 0.403543309375 0.7915103375 0.38135686562500004 0.788064634375 0.3638049578125 0.74181925 0.3404871984375 0.71054840625 0.34012332968750003 0.5883489328125 0.378182925 0.559551290625 0.4159608921875 0.5350821906250001 0.47026479062500004 0.5043936921875 0.4973064171875 0.509773071875 0.5147667593749999 0.5234340000000001 0.5269140953125 0.5668529437500001 0.544679803125 0.5726514593750001 0.544747275
0 0.09026762656250001 0.27297139375 0.0974879640625 0.279104465625 0.088935103125 0.2872452546875 0.0867851890625 0.3102749609375 0.08690793125 0.3172243375 0.0892830296875 0.341439959375 0.11477870625 0.362665146875 0.15906599999999999 0.3631804765625 0.20925704218750002 0.3391570765625 0.25501537343749997 0.260799825 0.2550568515625 0.2200987890625 0.240094675 0.190921821875 0.20856759687499998 0.1881939453125 0.174031490625 0.1959110875 0.126459921875 0.21465729374999998 0.090672328125 0.268636253125 0.09026762656250001 0.27297139375
1 0.253892965625 0.078496725 0.2539103078125 0.0788219046875 0.2826154125 0.1448753171875 0.2874513828125 0.1503793453125 0.3723988484375 0.15136779843749998 0.42430360624999996 0.14327716875000002 0.430098278125 0.1372828296875 0.4343038671875 0.09223294062500001 0.42234816875 0.069436965625 0.3798132359375 0.052652867187499994 0.3343774 0.055832790624999996 0.32113073281250004 0.0491172765625 0.3203050640625 0.033636503125 0.3068519828125 0.023050796874999998 0.2861521625 0.02530178125 0.2554058265625 0.062291081250000005 0.253892965625 0.078496725
1 0.6658426671875 0.1059468921875 0.6856178734375 0.1424385671875 0.7053683296875 0.15524225 0.7096189078124999 0.155291709375 0.7369079796875 0.1476206671875 0.8088034828125 0.10121398125 0.8200399765625 0.0806120875 0.8228727609375 0.043026312500000004 0.7736536484375 0.02649256875 0.7641433796875 0.0263819078125 0.675667721875 0.0594146328125 0.668773453125 0.07455255625 0.6658426671875 0.1059468921875