1 0.530859375 0.7470703125 0.546484375 0.6259765640625 0.4947265640625 0.568359375 0.4693359359375 0.5546875 0.4302734359375 0.556640625 0.3814453125 0.5898437515625 0.3375 0.6337890640625 0.2945312515625 0.7099609359375 0.284765625 0.7861328125 0.2984375 0.8603515640625 0.3169921875 0.8984375 0.347265625 0.9072265640625 0.3912109359375 0.8945312484375 0.4537109359375 0.84375 0.509375 0.7861328125 0.530859375 0.7470703125
1 0.901953125 0.5615234359375 0.878515625 0.5361328125 0.8726562515625 0.5126953125 0.8384765640625 0.4882812484375 0.6880859359375 0.4804687515625 0.665625 0.5185546875 0.6617187484375 0.6181640640625 0.6705078125 0.625 0.7193359359375 0.6210937515625 0.7427734359375 0.634765625 0.8189453125 0.638671875 0.8453125 0.6533203125 0.8453125 0.6884765640625 0.8140625 0.7685546875 0.80625 0.7978515640625 0.812109375 0.8056640640625 0.8570312515625 0.7705078125 0.890234375 0.7099609359375 0.905859375 0.6630859359375 0.901953125 0.5615234359375
1 0.679296875 0.4404296875 0.65 0.3935546875 0.6275390640625 0.3710937515625 0.6119140640625 0.3671875 0.5513671875 0.388671875 0.523046875 0.4169921875 0.491796875 0.4912109359375 0.491796875 0.5380859359375 0.5044921875 0.5585937515625 0.5455078125 0.560546875 0.6382812515625 0.5869140640625 0.6578125 0.5595703125 0.6617187484375 0.5166015640625 0.68125 0.4755859359375 0.679296875 0.4404296875
1 0.7271484359375 0.314453125 0.6626953125 0.318359375 0.640234375 0.3427734359375 0.6304687484375 0.3759765640625 0.6392578125 0.3867187515625 0.6734375 0.3857421875 0.6617187484375 0.4072265640625 0.6851562515625 0.4423828125 0.6851562515625 0.4677734359375 0.7232421875 0.466796875 0.7251953125 0.478515625 0.7447265640625 0.484375 0.784765625 0.4833984359375 0.8228515640625 0.482421875 0.8257812515625 0.4541015640625 0.780859375 0.3349609359375 0.7271484359375 0.314453125
1 0.6490234359375 0.6015625 0.6138671875 0.580078125 0.5396484359375 0.5625 0.5044921875 0.5664062484375 0.5054687484375 0.5810546875 0.546484375 0.6123046875 0.5445312515625 0.6650390640625 0.5601562515625 0.6708984359375 0.6099609359375 0.640625 0.6587890640625 0.634765625 0.6617187484375 0.6201171875 0.6490234359375 0.6015625
1 0.874609375 0.1904296875 0.8580078125 0.1875 0.8521484359375 0.1757812484375 0.843359375 0.1767578125 0.8521484359375 0.2109375 0.8033203125 0.2109375 0.7828125 0.2001953125 0.7945312515625 0.1552734359375 0.8375 0.1220703125 0.8189453125 0.099609375 0.7740234359375 0.076171875 0.7271484359375 0.076171875 0.7085937484375 0.09277343593750001 0.696875 0.1259765640625 0.6929687484375 0.1904296875 0.620703125 0.2431640640625 0.6607421875 0.314453125 0.706640625 0.3134765640625 0.7994140640625 0.294921875 0.8580078125 0.265625 0.8765625 0.2353515640625 0.874609375 0.1904296875
1 0.569921875 0.1337890640625 0.5259765640625 0.09765624843750001 0.4634765640625 0.1015625 0.43125 0.12402343593750001 0.4507812515625 0.2197265640625 0.4810546875 0.251953125 0.525 0.2587890640625 0.55625 0.2333984359375 0.562109375 0.1904296875 0.554296875 0.1611328125 0.569921875 0.1337890640625
1 0.7398437484375 0.06933593593750001 0.728125 0.0341796875 0.7115234359375 0.017578125 0.6724609359375 0.005859375 0.6021484359375 0.029296875 0.603125 0.0185546875 0.5865234359375 0 0.558203125 0.008789064062500001 0.566015625 0.0517578125 0.540625 0.0810546875 0.540625 0.0966796875 0.5708984359375 0.126953125 0.6109375 0.1376953125 0.6509765640625 0.130859375 0.6724609359375 0.10546875156249999 0.6939453125 0.103515625 0.7398437484375 0.06933593593750001
0 0.4234375 0.1728515640625 0.401953125 0.1572265640625 0.421484375 0.1435546875 0.409765625 0.1201171875 0.3794921875 0.09375 0.3248046875 0.095703125 0.3091796875 0.087890625 0.290625 0.10253906406249999 0.290625 0.1455078125 0.2642578125 0.150390625 0.249609375 0.1845703125 0.23203125156249998 0.1943359359375 0.230078125 0.2255859359375 0.2779296875 0.228515625 0.3326171875 0.248046875 0.3580078125 0.279296875 0.366796875 0.2783203125 0.4195312515625 0.2392578125 0.4224609359375 0.2148437515625 0.433203125 0.2177734359375 0.4234375 0.1728515640625
0 0.3492187484375 0.4228515640625 0.370703125 0.3427734359375 0.366796875 0.2939453125 0.3453125 0.2626953125 0.2837890640625 0.234375 0.19003906406249998 0.244140625 0.15 0.2978515640625 0.124609375 0.3564453125 0.16953125156249998 0.5517578125 0.21347656406249998 0.5703125 0.257421875 0.5712890640625 0.265234375 0.5634765640625 0.2671875 0.5068359359375 0.290625 0.4697265640625 0.3492187484375 0.4228515640625
0 0.3873046875 0.5546875 0.3970703125 0.572265625 0.4117187484375 0.5517578125 0.3951171875 0.552734375 0.4009765640625 0.544921875 0.4664062515625 0.5458984359375 0.4703125 0.4931640640625 0.4380859359375 0.4453125 0.4087890640625 0.435546875 0.3462890640625 0.4375 0.2994140640625 0.466796875 0.280859375 0.4892578125 0.265234375 0.5263671875 0.2710937484375 0.5712890640625 0.3150390640625 0.6210937515625 0.331640625 0.6220703125 0.3765625 0.5849609359375 0.355078125 0.5791015640625 0.3677734359375 0.5546875 0.3873046875 0.5546875
0 0.7134765640625 0.888671875 0.7232421875 0.8671875 0.7291015640625 0.8789062484375 0.7828125 0.8232421875 0.8296875 0.7333984359375 0.839453125 0.6884765640625 0.8345703125 0.65625 0.8267578125 0.6875 0.816015625 0.6767578125 0.8169921875 0.654296875 0.7779296875 0.654296875 0.7662109359375 0.671875 0.7251953125 0.626953125 0.6939453125 0.625 0.6744140640625 0.638671875 0.5962890640625 0.6484375 0.5601562515625 0.6787109359375 0.5523437484375 0.7138671875 0.540625 0.7080078125 0.5171875 0.7822265640625 0.464453125 0.8427734359375 0.468359375 0.8798828125 0.483984375 0.9189453125 0.5025390640625 0.939453125 0.5513671875 0.943359375 0.5689453125 0.935546875 0.608984375 0.9462890640625 0.6158203125 0.9335937515625 0.6529296875 0.919921875 0.6861328125 0.892578125 0.7134765640625 0.888671875
0 0.3658203125 0 0.343359375 0.0263671875 0.343359375 0.0537109359375 0.3638671875 0.078125 0.4117187484375 0.10839843593750001 0.4791015640625 0.072265625 0.525 0.0263671875 0.5328125 0.0009765640625 0.3658203125 0
0 0.0787109359375 0.0039062484375 0.0640625 0.0439453125 0.066015625 0.10253906406249999 0.0796875 0.1259765640625 0.1548828125 0.095703125 0.226171875 0.016601564062499997 0.228125 0.0029296875 0.0787109359375 0.0039062484375