1 0.7431640625 0.381640625 0.6455078125 0.35625 0.5986328125 0.35625 0.5224609375 0.403125 0.5078125 0.4177734375 0.498046875 0.4373046875 0.5380859375 0.46953125 0.5654296875 0.479296875 0.6279296875 0.491015625 0.673828125 0.4900390625 0.7255859375 0.479296875 0.75390625 0.4607421875 0.751953125 0.3923828125 0.7431640625 0.381640625
1 0.8955078125 0.514453125 0.9267578125 0.51640625 0.947265625 0.4861328125 0.9453125 0.4744140625 0.9345703125 0.46171875 0.8388671875 0.4109375 0.8134765625 0.381640625 0.80078125 0.3982421875 0.81640625 0.4138671875 0.8046875 0.5037109375 0.794921875 0.5212890625 0.796875 0.5310546875 0.7939453125 0.533984375 0.7900390625 0.530078125 0.783203125 0.5369140625 0.783203125 0.5505859375 0.7890625 0.5525390625 0.7880859375 0.557421875 0.806640625 0.5564453125 0.8408203125 0.54375 0.8740234375 0.50859375 0.8896484375 0.506640625 0.8955078125 0.514453125
1 0.8125 0.4490234375 0.8125 0.4138671875 0.7958984375 0.405078125 0.7724609375 0.373828125 0.751953125 0.3806640625 0.755859375 0.4607421875 0.7451171875 0.4734375 0.7197265625 0.483203125 0.71484375 0.4958984375 0.71875 0.5232421875 0.73046875 0.5408203125 0.7265625 0.5623046875 0.76171875 0.5623046875 0.77734375 0.5564453125 0.775390625 0.5447265625 0.80078125 0.5056640625 0.8125 0.4490234375
1 0.7578125 0.6111328125 0.76953125 0.6013671875 0.7734375 0.5720703125 0.7685546875 0.5671875 0.7333984375 0.569140625 0.7158203125 0.565234375 0.7060546875 0.573046875 0.6826171875 0.57890625 0.6533203125 0.57890625 0.6298828125 0.575 0.5966796875 0.553515625 0.591796875 0.5623046875 0.591796875 0.5896484375 0.607421875 0.6501953125 0.6279296875 0.666796875 0.6640625 0.6658203125 0.7568359375 0.655078125 0.765625 0.6443359375 0.7578125 0.6267578125 0.7578125 0.6111328125
1 0.2587890625 0.565234375 0.2333984375 0.56328125 0.2119140625 0.55546875 0.205078125 0.5623046875 0.203125 0.5974609375 0.1884765625 0.5984375 0.1416015625 0.57890625 0.1044921875 0.573046875 0.0302734375 0.5203125 0.017578125 0.5212890625 0.015625 0.5662109375 0.021484375 0.6013671875 0.029296875 0.6267578125 0.0458984375 0.64140625 0.0888671875 0.65703125 0.228515625 0.6716796875 0.25 0.6501953125 0.265625 0.6072265625 0.265625 0.5759765625 0.2587890625 0.565234375
1 0.1396484375 0.5046875 0.1064453125 0.487109375 0.087890625 0.4685546875 0.08203125 0.4529296875 0.087890625 0.4080078125 0.0478515625 0.40703125 0.0263671875 0.41484375 0.0234375 0.4177734375 0.0302734375 0.41875 0.03515625 0.4255859375 0.025390625 0.4822265625 0.029296875 0.5173828125 0.0947265625 0.5671875 0.1513671875 0.580859375 0.20703125 0.6052734375 0.208984375 0.5525390625 0.1884765625 0.5359375 0.1533203125 0.52421875 0.1396484375 0.5046875
1 0.33984375 0.5115234375 0.33984375 0.4822265625 0.3203125 0.4587890625 0.32421875 0.4353515625 0.3203125 0.4353515625 0.3193359375 0.448046875 0.2998046875 0.448046875 0.2626953125 0.434375 0.2177734375 0.377734375 0.1826171875 0.35625 0.1513671875 0.323046875 0.1376953125 0.32109375 0.130859375 0.3259765625 0.115234375 0.3669921875 0.091796875 0.4041015625 0.0859375 0.4294921875 0.08984375 0.4666015625 0.1025390625 0.48125 0.1337890625 0.496875 0.1552734375 0.52421875 0.1787109375 0.528125 0.2314453125 0.559375 0.25390625 0.5623046875 0.2841796875 0.557421875 0.2939453125 0.54765625 0.33203125 0.5271484375 0.33984375 0.5115234375
1 0.4423828125 0.647265625 0.4677734375 0.635546875 0.4951171875 0.631640625 0.50390625 0.6248046875 0.505859375 0.6169921875 0.505859375 0.5857421875 0.51171875 0.5583984375 0.509765625 0.5173828125 0.4921875 0.4646484375 0.46484375 0.4177734375 0.455078125 0.3884765625 0.451171875 0.3455078125 0.4423828125 0.334765625 0.3974609375 0.342578125 0.3681640625 0.36015625 0.31640625 0.3748046875 0.318359375 0.4001953125 0.322265625 0.4041015625 0.318359375 0.4099609375 0.3251953125 0.4109375 0.330078125 0.4197265625 0.3203125 0.4568359375 0.33984375 0.4841796875 0.33984375 0.5115234375 0.3251953125 0.53203125 0.26953125 0.5642578125 0.26953125 0.5720703125 0.294921875 0.6150390625 0.3349609375 0.65703125 0.3662109375 0.678515625 0.388671875 0.6775390625 0.4345703125 0.666796875 0.4375 0.6541015625 0.4453125 0.6501953125 0.4423828125 0.647265625
1 0.2822265625 0.3171875 0.2607421875 0.303515625 0.2353515625 0.303515625 0.2255859375 0.287890625 0.2080078125 0.287890625 0.1806640625 0.3015625 0.1533203125 0.30546875 0.1103515625 0.32109375 0.08984375 0.3474609375 0.087890625 0.3708984375 0.0966796875 0.3953125 0.1171875 0.3630859375 0.130859375 0.3259765625 0.1416015625 0.319140625 0.1494140625 0.32109375 0.1865234375 0.358203125 0.2138671875 0.373828125 0.2646484375 0.432421875 0.28515625 0.4392578125 0.306640625 0.4275390625 0.31640625 0.3943359375 0.29296875 0.3298828125 0.2822265625 0.3171875
0 0.580078125 0.7029296875 0.5673828125 0.674609375 0.5595703125 0.66875 0.5517578125 0.67265625 0.5361328125 0.66875 0.5146484375 0.653125 0.5009765625 0.653125 0.4755859375 0.66484375 0.4638671875 0.66484375 0.4482421875 0.674609375 0.4150390625 0.674609375 0.3876953125 0.684375 0.3115234375 0.6921875 0.30078125 0.7029296875 0.302734375 0.7458984375 0.3291015625 0.78984375 0.572265625 0.7888671875 0.59375 0.7634765625 0.59375 0.7400390625 0.599609375 0.7283203125 0.580078125 0.7029296875
0 0.5703125 0.4900390625 0.5048828125 0.448046875 0.4892578125 0.44609375 0.48828125 0.4529296875 0.5 0.4763671875 0.513671875 0.5232421875 0.5078125 0.6306640625 0.5146484375 0.6375 0.5234375 0.6365234375 0.58984375 0.5955078125 0.5859375 0.5798828125 0.58984375 0.5466796875 0.5703125 0.4900390625
0 0.28125 0.7185546875 0.2646484375 0.701953125 0.2197265625 0.6765625 0.1552734375 0.66484375 0.0849609375 0.66484375 0.076171875 0.6716796875 0.076171875 0.6892578125 0.083984375 0.7009765625 0.08984375 0.7439453125 0.1123046875 0.78984375 0.318359375 0.7908203125 0.322265625 0.7869140625 0.30859375 0.7732421875 0.30078125 0.7478515625 0.28125 0.7185546875
0 0.892578125 0.7419921875 0.880859375 0.7107421875 0.8623046875 0.694140625 0.7998046875 0.684375 0.76953125 0.7224609375 0.76171875 0.7537109375 0.76171875 0.7751953125 0.7724609375 0.787890625 0.7822265625 0.791796875 0.822265625 0.7908203125 0.8544921875 0.783984375 0.8818359375 0.7703125 0.892578125 0.7537109375 0.892578125 0.7419921875
0 0.982421875 0.6033203125 0.990234375 0.5857421875 0.98046875 0.5544921875 0.9482421875 0.530078125 0.9169921875 0.518359375 0.8955078125 0.518359375 0.8623046875 0.530078125 0.8427734375 0.545703125 0.8115234375 0.559375 0.7822265625 0.57890625 0.7734375 0.5916015625 0.7734375 0.6072265625 0.796875 0.6599609375 0.8193359375 0.68046875 0.83984375 0.6814453125 0.8720703125 0.6609375 0.9248046875 0.64140625 0.9677734375 0.61796875 0.982421875 0.6033203125
0 0.7080078125 0.487109375 0.6708984375 0.49296875 0.5927734375 0.491015625 0.580078125 0.5037109375 0.578125 0.5134765625 0.5947265625 0.5515625 0.6025390625 0.5515625 0.6201171875 0.5671875 0.6357421875 0.573046875 0.681640625 0.5759765625 0.7060546875 0.569140625 0.7265625 0.5447265625 0.7109375 0.5095703125 0.7080078125 0.487109375