0 0.4130859375 0.469140625 0.4619140625 0.414453125 0.484375 0.3998046875 0.486328125 0.3783203125 0.482421875 0.3705078125 0.4677734375 0.363671875 0.4423828125 0.336328125 0.408203125 0.3197265625 0.421875 0.3080078125 0.4140625 0.3001953125 0.416015625 0.2865234375 0.4052734375 0.2796875 0.3857421875 0.2796875 0.3759765625 0.26796875 0.3603515625 0.26796875 0.3466796875 0.27578125 0.3349609375 0.293359375 0.2958984375 0.312890625 0.2607421875 0.348046875 0.2138671875 0.363671875 0.1982421875 0.3734375 0.189453125 0.3822265625 0.171875 0.4154296875 0.171875 0.4291015625 0.201171875 0.4681640625 0.23828125 0.5091796875 0.26953125 0.5365234375 0.2900390625 0.56484375 0.3046875 0.5658203125 0.3427734375 0.527734375 0.3642578125 0.5140625 0.3916015625 0.484765625 0.4130859375 0.469140625
0 0.267578125 0.5931640625 0.23046875 0.5306640625 0.2119140625 0.5140625 0.1572265625 0.50234375 0.1318359375 0.50234375 0.0791015625 0.516015625 0.0703125 0.5248046875 0.0625 0.5423828125 0.041015625 0.6107421875 0.033203125 0.6771484375 0.0390625 0.7689453125 0.0419921875 0.771875 0.302734375 0.7708984375 0.302734375 0.7357421875 0.291015625 0.7025390625 0.28515625 0.6439453125 0.267578125 0.5931640625
0 0.56640625 0.6595703125 0.5859375 0.6166015625 0.591796875 0.5794921875 0.611328125 0.5560546875 0.630859375 0.5404296875 0.63671875 0.5267578125 0.638671875 0.5052734375 0.6298828125 0.496484375 0.6240234375 0.492578125 0.6005859375 0.49453125 0.5791015625 0.50625 0.572265625 0.4955078125 0.5595703125 0.48671875 0.5244140625 0.480859375 0.4736328125 0.496484375 0.3994140625 0.4984375 0.3818359375 0.50234375 0.341796875 0.5345703125 0.330078125 0.5541015625 0.33203125 0.5658203125 0.3203125 0.5716796875 0.333984375 0.5833984375 0.33984375 0.6478515625 0.35546875 0.6810546875 0.3603515625 0.6859375 0.3916015625 0.687890625 0.4345703125 0.715234375 0.443359375 0.7142578125 0.5185546875 0.687890625 0.5400390625 0.67421875 0.5556640625 0.6703125 0.56640625 0.6595703125
0 0.740234375 0.5755859375 0.755859375 0.5248046875 0.755859375 0.4876953125 0.74609375 0.4681640625 0.7138671875 0.4359375 0.6806640625 0.422265625 0.6474609375 0.4203125 0.625 0.4408203125 0.603515625 0.4779296875 0.6064453125 0.490625 0.6162109375 0.490625 0.6220703125 0.4828125 0.638671875 0.4857421875 0.640625 0.5208984375 0.6328125 0.5423828125 0.595703125 0.5775390625 0.583984375 0.6341796875 0.6064453125 0.65078125 0.638671875 0.6517578125 0.6845703125 0.637109375 0.7109375 0.6107421875 0.71875 0.5970703125 0.740234375 0.5755859375
0 0.9697265625 0.54140625 0.9892578125 0.527734375 0.994140625 0.5208984375 0.994140625 0.5111328125 0.982421875 0.4720703125 0.9580078125 0.445703125 0.8876953125 0.410546875 0.8720703125 0.398828125 0.8583984375 0.398828125 0.8232421875 0.43203125 0.7978515625 0.44375 0.763671875 0.4779296875 0.7578125 0.4896484375 0.7578125 0.5326171875 0.759765625 0.5384765625 0.7705078125 0.543359375 0.783203125 0.5580078125 0.7841796875 0.570703125 0.7998046875 0.562890625 0.8486328125 0.574609375 0.8583984375 0.58046875 0.880859375 0.5814453125 0.9208984375 0.574609375 0.9404296875 0.551171875 0.9599609375 0.54140625 0.9697265625 0.54140625
0 0.939453125 0.6380859375 0.94140625 0.6263671875 0.9169921875 0.609765625 0.9013671875 0.609765625 0.8974609375 0.615625 0.8583984375 0.61953125 0.8232421875 0.63125 0.814453125 0.6380859375 0.794921875 0.6869140625 0.7998046875 0.691796875 0.8046875 0.6908203125 0.8955078125 0.680078125 0.9111328125 0.672265625 0.92578125 0.6576171875 0.939453125 0.6380859375
0 0.8955078125 0.680078125 0.8837890625 0.680078125 0.7919921875 0.691796875 0.7607421875 0.7171875 0.759765625 0.7220703125 0.767578125 0.7396484375 0.7763671875 0.7484375 0.796875 0.7513671875 0.8955078125 0.711328125 0.904296875 0.7005859375 0.904296875 0.6849609375 0.8955078125 0.680078125
0 0.7958984375 0.6234375 0.7685546875 0.615625 0.7607421875 0.617578125 0.7412109375 0.5921875 0.7294921875 0.590234375 0.69921875 0.6244140625 0.68359375 0.6576171875 0.6923828125 0.664453125 0.7333984375 0.664453125 0.7568359375 0.67421875 0.748046875 0.7083984375 0.759765625 0.7162109375 0.7822265625 0.7015625 0.794921875 0.6869140625 0.8125 0.6380859375 0.7958984375 0.6234375
1 0.6513671875 0.41640625 0.6962890625 0.4203125 0.7158203125 0.43203125 0.71875 0.4291015625 0.716796875 0.4115234375 0.70703125 0.3822265625 0.6962890625 0.375390625 0.6552734375 0.371484375 0.6494140625 0.365625 0.6259765625 0.36171875 0.5634765625 0.36171875 0.5537109375 0.367578125 0.498046875 0.4212890625 0.490234375 0.4310546875 0.484375 0.4505859375 0.4892578125 0.457421875 0.5029296875 0.461328125 0.5205078125 0.475 0.5859375 0.4876953125 0.5927734375 0.48671875 0.6015625 0.4779296875 0.62109375 0.4408203125 0.6513671875 0.41640625
1 0.1279296875 0.496484375 0.13671875 0.4857421875 0.126953125 0.4486328125 0.1123046875 0.430078125 0.0986328125 0.422265625 0.0556640625 0.430078125 0.041015625 0.4408203125 0.037109375 0.5287109375 0.05078125 0.5365234375 0.041015625 0.5462890625 0.046875 0.5501953125 0.041015625 0.5638671875 0.048828125 0.5638671875 0.0546875 0.5423828125 0.064453125 0.5345703125 0.0751953125 0.5140625 0.1279296875 0.496484375
1 0.3857421875 0.687890625 0.3662109375 0.687890625 0.3486328125 0.69375 0.306640625 0.7298828125 0.306640625 0.7611328125 0.3173828125 0.7737012984375 0.423828125 0.7728515625 0.4375 0.7455078125 0.439453125 0.7318359375 0.4169921875 0.707421875 0.3857421875 0.687890625
1 0.744140625 0.7083984375 0.751953125 0.6751953125 0.7412109375 0.668359375 0.6943359375 0.66640625 0.6728515625 0.65859375 0.6494140625 0.6625 0.6435546875 0.672265625 0.6103515625 0.695703125 0.5458984375 0.71328125 0.541015625 0.7435546875 0.5263671875 0.76015625 0.509765625 0.7689453125 0.5380859375 0.7737012984375 0.73046875 0.7728515625 0.7587890625 0.769921875 0.76953125 0.7513671875 0.7578125 0.7240234375 0.744140625 0.7083984375