0 0.51953125 0.4583984375 0.51953125 0.4486328125 0.529296875 0.4369140625 0.52734375 0.4310546875 0.49609375 0.4095703125 0.494140625 0.3900390625 0.4658203125 0.365625 0.4521484375 0.359765625 0.4169921875 0.359765625 0.2861328125 0.375390625 0.2353515625 0.396875 0.21484375 0.4173828125 0.21484375 0.4408203125 0.22265625 0.4583984375 0.2607421875 0.48671875 0.2763671875 0.50625 0.3232421875 0.516015625 0.375 0.5169921875 0.4052734375 0.516015625 0.4599609375 0.504296875 0.4931640625 0.4828125 0.51953125 0.4583984375
0 0.2734375 0.5716796875 0.279296875 0.5384765625 0.27734375 0.5208984375 0.265625 0.4955078125 0.2236328125 0.46328125 0.2060546875 0.441796875 0.1962890625 0.437890625 0.1494140625 0.428125 0.0849609375 0.42421875 0.0576171875 0.441796875 0.033203125 0.4662109375 0.033203125 0.5130859375 0.029296875 0.5169921875 0.0400390625 0.527734375 0.0595703125 0.531640625 0.080078125 0.5462890625 0.083984375 0.5580078125 0.078125 0.5638671875 0.078125 0.5736328125 0.064453125 0.5892578125 0.06640625 0.6048828125 0.0810546875 0.615625 0.1015625 0.6166015625 0.1201171875 0.61171875 0.2236328125 0.609765625 0.2626953125 0.5921875 0.2734375 0.5716796875
0 0.59375 0.6712890625 0.5849609375 0.6625 0.5537109375 0.646875 0.3896484375 0.644921875 0.3603515625 0.652734375 0.3427734375 0.652734375 0.3310546875 0.656640625 0.32421875 0.6654296875 0.31640625 0.6947265625 0.31640625 0.7162109375 0.322265625 0.7298828125 0.3974609375 0.769921875 0.4111328125 0.773828125 0.5859375 0.7728515625 0.59765625 0.7591796875 0.609375 0.7318359375 0.609375 0.7162109375 0.59375 0.6712890625
0 0.306640625 0.7103515625 0.30078125 0.6966796875 0.2802734375 0.680078125 0.2509765625 0.678125 0.2158203125 0.660546875 0.1474609375 0.63515625 0.1240234375 0.63515625 0.1181640625 0.6390625 0.103515625 0.6576171875 0.078125 0.6791015625 0.064453125 0.7044921875 0.0703125 0.7650390625 0.0751953125 0.771875 0.279296875 0.7728515625 0.287109375 0.7689453125 0.2890625 0.7572265625 0.3046875 0.7298828125 0.306640625 0.7103515625
0 0.833984375 0.4583984375 0.828125 0.4388671875 0.8037109375 0.406640625 0.7841796875 0.394921875 0.7548828125 0.387109375 0.7333984375 0.387109375 0.7109375 0.3978515625 0.70703125 0.4330078125 0.701171875 0.4466796875 0.6865234375 0.465234375 0.662109375 0.4818359375 0.662109375 0.4896484375 0.6748046875 0.504296875 0.6982421875 0.51796875 0.7294921875 0.5296875 0.751953125 0.5287109375 0.7861328125 0.5140625 0.8095703125 0.51015625 0.830078125 0.4779296875 0.833984375 0.4583984375
0 0.3798828125 0.646875 0.3974609375 0.637109375 0.408203125 0.6185546875 0.4169921875 0.615625 0.435546875 0.5951171875 0.439453125 0.5873046875 0.439453125 0.5423828125 0.4287109375 0.516015625 0.3447265625 0.519921875 0.2822265625 0.512109375 0.283203125 0.5345703125 0.26953125 0.5873046875 0.2314453125 0.61171875 0.2216796875 0.6234375 0.2021484375 0.6234375 0.181640625 0.6419921875 0.2021484375 0.6546875 0.2431640625 0.6703125 0.2607421875 0.676171875 0.2841796875 0.676171875 0.3076171875 0.691796875 0.3125 0.6908203125 0.3203125 0.6673828125 0.3310546875 0.6546875 0.3486328125 0.648828125 0.3798828125 0.646875
0 0.58984375 0.5658203125 0.58984375 0.5521484375 0.5595703125 0.5140625 0.5244140625 0.496484375 0.4990234375 0.49453125 0.4873046875 0.488671875 0.44140625 0.5189453125 0.443359375 0.5873046875 0.4521484375 0.5921875 0.4716796875 0.615625 0.48046875 0.6185546875 0.5087890625 0.6078125 0.5673828125 0.6 0.58203125 0.5873046875 0.58984375 0.5658203125
0 0.8662109375 0.652734375 0.876953125 0.6439453125 0.87890625 0.6087890625 0.875 0.6029296875 0.875 0.5599609375 0.8564453125 0.535546875 0.8193359375 0.531640625 0.8076171875 0.5375 0.787109375 0.5580078125 0.77734375 0.5814453125 0.7626953125 0.598046875 0.7470703125 0.6078125 0.7197265625 0.613671875 0.70703125 0.6283203125 0.701171875 0.6419921875 0.701171875 0.6634765625 0.708984375 0.6810546875 0.7197265625 0.687890625 0.76171875 0.6888671875 0.7841796875 0.687890625 0.8193359375 0.678125 0.8310546875 0.660546875 0.8662109375 0.652734375
0 0.974609375 0.5091796875 0.9541015625 0.48671875 0.8974609375 0.51015625 0.8779296875 0.512109375 0.8701171875 0.51796875 0.8583984375 0.516015625 0.853515625 0.5208984375 0.85546875 0.5306640625 0.875 0.5521484375 0.87890625 0.5638671875 0.87890625 0.6419921875 0.8896484375 0.6546875 0.9033203125 0.660546875 0.939453125 0.6615234375 0.951171875 0.6517578125 0.95703125 0.6361328125 0.9765625 0.5384765625 0.974609375 0.5091796875
0 0.974609375 0.4017578125 0.962890625 0.3568359375 0.962890625 0.3275390625 0.9501953125 0.3109375 0.9365234375 0.305078125 0.9130859375 0.305078125 0.8486328125 0.316796875 0.83984375 0.3216796875 0.830078125 0.3412109375 0.837890625 0.4193359375 0.841796875 0.4251953125 0.83984375 0.4623046875 0.845703125 0.4837890625 0.8564453125 0.4984375 0.8818359375 0.508203125 0.892578125 0.5072265625 0.9267578125 0.4984375 0.9521484375 0.48671875 0.974609375 0.4408203125 0.974609375 0.4017578125
0 0.79296875 0.5482421875 0.8095703125 0.53359375 0.8369140625 0.527734375 0.841796875 0.5091796875 0.8291015625 0.50625 0.8017578125 0.5140625 0.7900390625 0.521875 0.7802734375 0.519921875 0.7353515625 0.53359375 0.716796875 0.6048828125 0.7177734375 0.609765625 0.732421875 0.6087890625 0.7490234375 0.605859375 0.7646484375 0.594140625 0.7734375 0.5853515625 0.79296875 0.5482421875