1 0.4775390625 0.6796875 0.5185546875 0.654296875 0.5458984375 0.646484375 0.5556640625 0.62890625 0.5712890625 0.623046875 0.6220703125 0.583984375 0.6376953125 0.583984375 0.6474609375 0.58984375 0.6611328125 0.587890625 0.6640625 0.5712890625 0.658203125 0.5556640625 0.64453125 0.5380859375 0.5859375 0.4814453125 0.5078125 0.3740234375 0.4443359375 0.30859375 0.3935546875 0.27734375 0.3740234375 0.26953125 0.3564453125 0.26953125 0.345703125 0.2958984375 0.3388671875 0.30078125 0.3076171875 0.310546875 0.2822265625 0.30859375 0.263671875 0.3193359375 0.259765625 0.3291015625 0.259765625 0.3642578125 0.25390625 0.3798828125 0.25390625 0.4052734375 0.265625 0.4521484375 0.2890625 0.5087890625 0.296875 0.5166015625 0.314453125 0.5556640625 0.32421875 0.5654296875 0.34375 0.6005859375 0.3515625 0.6064453125 0.35546875 0.6201171875 0.376953125 0.6416015625 0.3828125 0.6708984375 0.392578125 0.6845703125 0.3828125 0.6884765625 0.38671875 0.7021484375 0.3916015625 0.70703125 0.41015625 0.7060546875 0.4345703125 0.689453125 0.4423828125 0.689453125 0.4423828125 0.685546875 0.4775390625 0.6796875
1 0.6181640625 0.591796875 0.6123046875 0.591796875 0.5556640625 0.630859375 0.5498046875 0.6484375 0.5224609375 0.654296875 0.4873046875 0.6796875 0.48046875 0.6982421875 0.484375 0.7158203125 0.5341796875 0.759765625 0.5478515625 0.763671875 0.623046875 0.7626953125 0.634765625 0.7080078125 0.6328125 0.6357421875 0.626953125 0.6044921875 0.6181640625 0.591796875
0 0.79296875 0.3701171875 0.7822265625 0.36328125 0.7470703125 0.3671875 0.7353515625 0.361328125 0.7177734375 0.361328125 0.6904296875 0.37890625 0.677734375 0.3935546875 0.6640625 0.4326171875 0.65625 0.4931640625 0.658203125 0.5283203125 0.7060546875 0.55078125 0.7373046875 0.556640625 0.76953125 0.5556640625 0.7890625 0.5419921875 0.796875 0.5048828125 0.798828125 0.4111328125 0.79296875 0.3701171875
0 0.8408203125 0.34765625 0.8076171875 0.3515625 0.79296875 0.3623046875 0.80078125 0.4169921875 0.798828125 0.4619140625 0.8115234375 0.4765625 0.8291015625 0.486328125 0.8408203125 0.490234375 0.87109375 0.4892578125 0.91015625 0.4755859375 0.9140625 0.4404296875 0.8828125 0.3916015625 0.8408203125 0.34765625
0 0.970703125 0.6083984375 0.962890625 0.5751953125 0.958984375 0.5244140625 0.9306640625 0.490234375 0.9072265625 0.478515625 0.8603515625 0.494140625 0.837890625 0.5166015625 0.828125 0.5400390625 0.828125 0.5654296875 0.86328125 0.6025390625 0.8828125 0.6513671875 0.9013671875 0.662109375 0.916015625 0.6611328125 0.9462890625 0.654296875 0.9638671875 0.642578125 0.970703125 0.6357421875 0.970703125 0.6083984375
0 0.87109375 0.6630859375 0.873046875 0.6513671875 0.87109375 0.6337890625 0.8515625 0.5947265625 0.8330078125 0.578125 0.7998046875 0.564453125 0.7646484375 0.572265625 0.7578125 0.5791015625 0.751953125 0.6025390625 0.7333984375 0.60546875 0.724609375 0.6181640625 0.724609375 0.6357421875 0.744140625 0.6748046875 0.7568359375 0.68359375 0.775390625 0.6884765625 0.7734375 0.7216796875 0.779296875 0.7236328125 0.7919921875 0.693359375 0.8369140625 0.6875 0.8623046875 0.67578125 0.87109375 0.6630859375
0 0.72265625 0.6337890625 0.7197265625 0.611328125 0.6630859375 0.599609375 0.6396484375 0.60546875 0.6328125 0.6201171875 0.638671875 0.7001953125 0.634765625 0.7490234375 0.6396484375 0.755859375 0.6875 0.7548828125 0.724609375 0.7138671875 0.734375 0.6923828125 0.73828125 0.6689453125 0.72265625 0.6337890625
0 0.6357421875 0.40625 0.5517578125 0.421875 0.5546875 0.4345703125 0.58203125 0.4658203125 0.591796875 0.4833984375 0.65234375 0.5380859375 0.66015625 0.4619140625 0.66015625 0.4306640625 0.65234375 0.4150390625 0.6357421875 0.40625
1 0.3271484375 0.59765625 0.328125 0.5791015625 0.3125 0.5615234375 0.28515625 0.5087890625 0.2734375 0.4951171875 0.26953125 0.4638671875 0.2578125 0.4462890625 0.251953125 0.4130859375 0.23828125 0.3876953125 0.2197265625 0.37109375 0.1494140625 0.3515625 0.1259765625 0.369140625 0.11328125 0.3876953125 0.111328125 0.4111328125 0.119140625 0.4208984375 0.111328125 0.4248046875 0.123046875 0.4267578125 0.12109375 0.4326171875 0.1279296875 0.447265625 0.1376953125 0.44140625 0.142578125 0.4462890625 0.1416015625 0.451171875 0.126953125 0.4560546875 0.134765625 0.4580078125 0.1328125 0.4716796875 0.1484375 0.5205078125 0.158203125 0.5419921875 0.1708984375 0.54296875 0.185546875 0.5595703125 0.1748046875 0.564453125 0.173828125 0.5693359375 0.1884765625 0.5703125 0.203125 0.5888671875 0.197265625 0.6064453125 0.203125 0.6669921875 0.2177734375 0.6875 0.234375 0.6884765625 0.271484375 0.6806640625 0.27734375 0.6279296875 0.3056640625 0.60546875 0.3271484375 0.59765625
0 0.189453125 0.6357421875 0.16796875 0.6240234375 0.16015625 0.5693359375 0.142578125 0.5166015625 0.1220703125 0.494140625 0.11328125 0.4912109375 0.103515625 0.4580078125 0.0966796875 0.44921875 0.0478515625 0.427734375 0.037109375 0.4345703125 0.033203125 0.4677734375 0.025390625 0.4912109375 0.033203125 0.5478515625 0.029296875 0.5654296875 0.03125 0.6494140625 0.0341796875 0.65625 0.044921875 0.6611328125 0.04296875 0.6669921875 0.0537109375 0.68359375 0.0654296875 0.681640625 0.0791015625 0.6953125 0.0966796875 0.703125 0.13671875 0.7099609375 0.1962890625 0.701171875 0.203125 0.6962890625 0.205078125 0.6845703125 0.189453125 0.6357421875
0 0.4560546875 0.693359375 0.4326171875 0.697265625 0.4091796875 0.7109375 0.3857421875 0.708984375 0.376953125 0.6943359375 0.376953125 0.6591796875 0.3623046875 0.6328125 0.3486328125 0.625 0.2900390625 0.626953125 0.28515625 0.6318359375 0.287109375 0.6572265625 0.279296875 0.6708984375 0.28125 0.7021484375 0.3193359375 0.763671875 0.43359375 0.7646484375 0.4443359375 0.763671875 0.4609375 0.7490234375 0.462890625 0.7138671875 0.4560546875 0.693359375