0 0.3388671875 0.412109375 0.341796875 0.4052734375 0.333984375 0.3818359375 0.3076171875 0.36328125 0.2119140625 0.349609375 0.1494140625 0.349609375 0.1337890625 0.37109375 0.1328125 0.3623046875 0.1279296875 0.361328125 0.123046875 0.3857421875 0.107421875 0.4072265625 0.111328125 0.4384765625 0.1171875 0.4501953125 0.1455078125 0.45703125 0.1689453125 0.46875 0.22265625 0.4794921875 0.25390625 0.4345703125 0.2822265625 0.412109375 0.2978515625 0.408203125 0.3388671875 0.412109375
0 0.2158203125 0.626953125 0.232421875 0.6201171875 0.23046875 0.5634765625 0.224609375 0.5478515625 0.220703125 0.4853515625 0.2041015625 0.4765625 0.1669921875 0.470703125 0.1455078125 0.458984375 0.1181640625 0.453125 0.0927734375 0.455078125 0.0732421875 0.46484375 0.048828125 0.5107421875 0.048828125 0.5458984375 0.083984375 0.6298828125 0.0947265625 0.640625 0.1455078125 0.646484375 0.19921875 0.6455078125 0.1953125 0.6435546875 0.212890625 0.6396484375 0.2109375 0.6337890625 0.2158203125 0.626953125
0 0.541015625 0.3798828125 0.54296875 0.3740234375 0.5361328125 0.3671875 0.4931640625 0.35546875 0.4873046875 0.34765625 0.4736328125 0.34765625 0.4609375 0.3564453125 0.4375 0.3876953125 0.43359375 0.4228515625 0.44921875 0.4951171875 0.453125 0.4951171875 0.46484375 0.4697265625 0.509765625 0.4150390625 0.5234375 0.4052734375 0.541015625 0.3798828125
0 0.744140625 0.3955078125 0.73046875 0.3466796875 0.7177734375 0.326171875 0.7080078125 0.3203125 0.6650390625 0.322265625 0.65234375 0.3388671875 0.6328125 0.3935546875 0.638671875 0.4189453125 0.634765625 0.4501953125 0.642578125 0.4697265625 0.646484375 0.4970703125 0.66015625 0.5283203125 0.6728515625 0.5390625 0.705078125 0.5400390625 0.71875 0.5244140625 0.724609375 0.4951171875 0.732421875 0.4814453125 0.744140625 0.3955078125
0 0.90234375 0.5322265625 0.8837890625 0.5078125 0.8564453125 0.494140625 0.841796875 0.4794921875 0.82421875 0.4560546875 0.806640625 0.4423828125 0.80859375 0.4345703125 0.7998046875 0.42578125 0.7802734375 0.41796875 0.7470703125 0.419921875 0.751953125 0.4326171875 0.744140625 0.4521484375 0.74609375 0.4697265625 0.732421875 0.4814453125 0.72265625 0.5224609375 0.712890625 0.5380859375 0.71875 0.5615234375 0.7724609375 0.59375 0.7978515625 0.6328125 0.8134765625 0.638671875 0.8212890625 0.6484375 0.845703125 0.6474609375 0.8701171875 0.640625 0.900390625 0.6064453125 0.90625 0.5732421875 0.90234375 0.5322265625
0 0.77734375 0.6005859375 0.7548828125 0.58203125 0.6865234375 0.548828125 0.6552734375 0.544921875 0.6416015625 0.55078125 0.634765625 0.5615234375 0.634765625 0.5673828125 0.64453125 0.5791015625 0.640625 0.5908203125 0.64453125 0.6279296875 0.638671875 0.6513671875 0.6552734375 0.658203125 0.67578125 0.6572265625 0.7646484375 0.654296875 0.787109375 0.6337890625 0.7890625 0.6240234375 0.77734375 0.6005859375
0 0.423828125 0.4072265625 0.4150390625 0.396484375 0.4052734375 0.39453125 0.3759765625 0.39453125 0.3564453125 0.400390625 0.34765625 0.4091796875 0.34765625 0.4150390625 0.3974609375 0.447265625 0.421875 0.4775390625 0.427734375 0.4873046875 0.43359375 0.5380859375 0.443359375 0.5400390625 0.44921875 0.5341796875 0.447265625 0.4892578125 0.43359375 0.4267578125 0.423828125 0.4072265625
1 0.44921875 0.6162109375 0.431640625 0.5673828125 0.427734375 0.4931640625 0.419921875 0.4775390625 0.3935546875 0.447265625 0.3466796875 0.41796875 0.3212890625 0.41015625 0.2880859375 0.412109375 0.25390625 0.4384765625 0.2265625 0.4794921875 0.232421875 0.5849609375 0.23828125 0.6416015625 0.24609375 0.6728515625 0.255859375 0.7001953125 0.2685546875 0.71875 0.38671875 0.7177734375 0.400390625 0.6806640625 0.4306640625 0.662109375 0.453125 0.6396484375 0.44921875 0.6162109375
1 0.6259765625 0.5703125 0.64453125 0.5048828125 0.64453125 0.4853515625 0.630859375 0.4404296875 0.62109375 0.4248046875 0.615234375 0.3974609375 0.5673828125 0.341796875 0.560546875 0.3466796875 0.52734375 0.4013671875 0.466796875 0.4697265625 0.453125 0.4990234375 0.458984375 0.5322265625 0.4775390625 0.5546875 0.5166015625 0.580078125 0.54296875 0.5810546875 0.5654296875 0.576171875 0.5751953125 0.56640625 0.5869140625 0.5625 0.6259765625 0.5703125
1 0.6357421875 0.57421875 0.5888671875 0.5625 0.5615234375 0.578125 0.5205078125 0.58203125 0.4951171875 0.5703125 0.4697265625 0.546875 0.4345703125 0.544921875 0.431640625 0.5478515625 0.431640625 0.5615234375 0.4560546875 0.63671875 0.4697265625 0.626953125 0.4853515625 0.625 0.5283203125 0.6328125 0.5556640625 0.6328125 0.572265625 0.6435546875 0.5791015625 0.6640625 0.59765625 0.6650390625 0.6259765625 0.65625 0.638671875 0.6435546875 0.640625 0.6220703125 0.6357421875 0.57421875
0 0.572265625 0.6474609375 0.5615234375 0.634765625 0.4912109375 0.626953125 0.4794921875 0.62890625 0.4462890625 0.646484375 0.4326171875 0.6640625 0.4072265625 0.6796875 0.390625 0.7158203125 0.3935546875 0.7203019187499999 0.609375 0.7197265625 0.611328125 0.7099609375 0.603515625 0.6923828125 0.572265625 0.6611328125 0.572265625 0.6474609375