0 0.642578125 0.4427734375 0.642578125 0.4154296875 0.634765625 0.3900390625 0.59765625 0.3587890625 0.599609375 0.3431640625 0.5927734375 0.3265625 0.5673828125 0.33828125 0.5322265625 0.37734375 0.5146484375 0.38515625 0.4912109375 0.406640625 0.46484375 0.4388671875 0.458984375 0.4564453125 0.458984375 0.4818359375 0.4716796875 0.496484375 0.5283203125 0.5140625 0.552734375 0.5130859375 0.5712890625 0.50625 0.5966796875 0.488671875 0.6279296875 0.46328125 0.642578125 0.4427734375
0 0.802734375 0.3626953125 0.802734375 0.3451171875 0.794921875 0.3294921875 0.7783203125 0.3109375 0.7646484375 0.305078125 0.6943359375 0.301171875 0.68359375 0.3236328125 0.65625 0.3412109375 0.64453125 0.3724609375 0.640625 0.3861328125 0.64453125 0.4193359375 0.640625 0.4564453125 0.646484375 0.4681640625 0.787109375 0.4740234375 0.79296875 0.4701171875 0.796875 0.4564453125 0.794921875 0.4017578125 0.802734375 0.3626953125
0 0.865234375 0.2337890625 0.8544921875 0.223046875 0.8408203125 0.219140625 0.7177734375 0.22109375 0.712890625 0.2279296875 0.72265625 0.2376953125 0.724609375 0.2630859375 0.748046875 0.2962890625 0.7548828125 0.303125 0.78515625 0.3138671875 0.802734375 0.3412109375 0.8056640625 0.3578125 0.8408203125 0.371484375 0.8515625 0.3705078125 0.8603515625 0.367578125 0.873046875 0.3529296875 0.87109375 0.2728515625 0.865234375 0.2337890625
0 0.455078125 0.4642578125 0.4609375 0.4291015625 0.4501953125 0.418359375 0.4267578125 0.410546875 0.4130859375 0.398828125 0.3779296875 0.3890625 0.3466796875 0.391015625 0.3203125 0.4154296875 0.296875 0.4544921875 0.265625 0.5150390625 0.263671875 0.5462890625 0.2763671875 0.5765625 0.396484375 0.5951171875 0.408203125 0.5873046875 0.4140625 0.5423828125 0.4296875 0.4994140625 0.455078125 0.4642578125
0 0.248046875 0.4623046875 0.228515625 0.4251953125 0.2177734375 0.37734375 0.1923828125 0.375390625 0.1337890625 0.3890625 0.0927734375 0.40859375 0.076171875 0.4271484375 0.06640625 0.4486328125 0.06640625 0.4642578125 0.078125 0.4896484375 0.083984375 0.5189453125 0.0966796875 0.535546875 0.119140625 0.5384765625 0.1865234375 0.504296875 0.2314453125 0.4984375 0.240234375 0.4896484375 0.248046875 0.4623046875
0 0.423828125 0.2220703125 0.4033203125 0.2171875 0.2333984375 0.219140625 0.2099609375 0.242578125 0.1923828125 0.2484375 0.17578125 0.2630859375 0.1767578125 0.26796875 0.2119140625 0.266015625 0.2197265625 0.277734375 0.2490234375 0.29140625 0.279296875 0.2923828125 0.3076171875 0.27578125 0.3505859375 0.2796875 0.3740234375 0.254296875 0.423828125 0.2220703125
0 0.544921875 0.5658203125 0.4990234375 0.543359375 0.4150390625 0.594140625 0.404296875 0.6146484375 0.404296875 0.6380859375 0.4169921875 0.648828125 0.4501953125 0.664453125 0.48828125 0.6673828125 0.5087890625 0.65859375 0.53515625 0.6380859375 0.548828125 0.5990234375 0.544921875 0.5658203125
0 0.73828125 0.6205078125 0.73046875 0.6048828125 0.7109375 0.5873046875 0.708984375 0.5677734375 0.6728515625 0.5453125 0.6416015625 0.54921875 0.5869140625 0.574609375 0.5556640625 0.5921875 0.544921875 0.6107421875 0.5390625 0.6380859375 0.54296875 0.6517578125 0.5849609375 0.7015625 0.6103515625 0.72109375 0.625 0.7220703125 0.7177734375 0.668359375 0.728515625 0.6576171875 0.73828125 0.6361328125 0.73828125 0.6205078125
1 0.80859375 0.5150390625 0.8046875 0.4935546875 0.7900390625 0.476953125 0.6494140625 0.47109375 0.634765625 0.4798828125 0.623046875 0.5033203125 0.623046875 0.5482421875 0.6337890625 0.551171875 0.6689453125 0.543359375 0.7021484375 0.558984375 0.7109375 0.5677734375 0.712890625 0.5873046875 0.73046875 0.6009765625 0.740234375 0.6205078125 0.740234375 0.6361328125 0.73046875 0.6576171875 0.6923828125 0.687890625 0.6572265625 0.70546875 0.650390625 0.7162109375 0.65234375 0.7689453125 0.666015625 0.7708984375 0.7646484375 0.7171875 0.7998046875 0.69375 0.818359375 0.6751953125 0.80859375 0.5150390625
1 0.4794921875 0.67421875 0.4091796875 0.676171875 0.3935546875 0.68203125 0.373046875 0.7083984375 0.357421875 0.7201171875 0.3583984375 0.725 0.3701171875 0.72890625 0.607421875 0.7669921875 0.611328125 0.7630859375 0.615234375 0.7259765625 0.5615234375 0.68203125 0.4794921875 0.67421875
1 0.9306640625 0.535546875 0.9619140625 0.53359375 0.984375 0.5013671875 0.99609375 0.4642578125 0.9794921875 0.457421875 0.9697265625 0.459375 0.9189453125 0.4359375 0.8681640625 0.4359375 0.849609375 0.4642578125 0.845703125 0.4896484375 0.8203125 0.5287109375 0.814453125 0.5501953125 0.8193359375 0.562890625 0.8369140625 0.558984375 0.880859375 0.5619140625 0.9228515625 0.558984375 0.927734375 0.5541015625 0.923828125 0.5423828125 0.9306640625 0.535546875
1 0.8798828125 0.56484375 0.8447265625 0.558984375 0.814453125 0.5716796875 0.81640625 0.6283203125 0.826171875 0.6302734375 0.8408203125 0.61953125 0.896484375 0.6185546875 0.8984375 0.5970703125 0.8798828125 0.56484375
1 0.5302734375 0.27578125 0.5166015625 0.27578125 0.4892578125 0.293359375 0.4296875 0.3412109375 0.4326171875 0.348046875 0.4638671875 0.365625 0.5078125 0.3666015625 0.5517578125 0.35 0.560546875 0.3392578125 0.560546875 0.2943359375 0.5302734375 0.27578125
1 0.37109375 0.3705078125 0.36328125 0.3294921875 0.3671875 0.2982421875 0.3583984375 0.289453125 0.3466796875 0.289453125 0.3193359375 0.27578125 0.3056640625 0.277734375 0.28125 0.2943359375 0.25 0.3353515625 0.2265625 0.3841796875 0.23046875 0.4212890625 0.25390625 0.4740234375 0.2646484375 0.480859375 0.27734375 0.4818359375 0.31640625 0.4154296875 0.3369140625 0.39296875 0.3583984375 0.38515625 0.37109375 0.3705078125
1 0.236328125 0.3607421875 0.25 0.3333984375 0.248046875 0.3197265625 0.23828125 0.3080078125 0.24609375 0.3001953125 0.2236328125 0.2875 0.2119140625 0.269921875 0.1904296875 0.26796875 0.1376953125 0.281640625 0.0869140625 0.303125 0.0625 0.3509765625 0.0546875 0.3783203125 0.056640625 0.4095703125 0.072265625 0.4115234375 0.0986328125 0.4046875 0.1435546875 0.383203125 0.2255859375 0.371484375 0.236328125 0.3607421875
1 0.4326171875 0.219140625 0.3623046875 0.266015625 0.35546875 0.2767578125 0.369140625 0.3080078125 0.369140625 0.3216796875 0.36328125 0.3236328125 0.3671875 0.3568359375 0.3740234375 0.367578125 0.388671875 0.3666015625 0.5029296875 0.285546875 0.529296875 0.2572265625 0.537109375 0.2220703125 0.4326171875 0.219140625