0 0.6160168484375 0.5636449484375 0.65776330625 0.5473314234375 0.6587578234375 0.52330096875 0.65233176875 0.49829458750000005 0.6688038484375001 0.478098928125 0.682093825 0.44848855624999995 0.66727060625 0.386650009375 0.6435814296875 0.36451394062500003 0.6081520984375001 0.343704490625 0.606544471875 0.3436577125 0.594183115625 0.36521423125 0.572014178125 0.37155190312499997 0.5348804015625 0.36358379531249996 0.5194646921875 0.36592596718750003 0.5189378875 0.36648111562499996 0.5225435609375 0.4283881390625 0.5289003 0.444791340625 0.5527750265625 0.485458303125 0.5668999734375 0.53923694375 0.5800174015625 0.5540708609375 0.600880128125 0.5632045156250001 0.6160168484375 0.5636449484375
0 0.53063120625 0.4875541296875 0.5381965390625 0.4586928046875 0.5367377640625 0.43364661875 0.5346488 0.40827043593749995 0.505443509375 0.3921910921875 0.49672692031250004 0.391937465625 0.475366778125 0.39482359375 0.4592306 0.40960241249999996 0.43026330156250003 0.41351640156249997 0.41515481562499995 0.42638469062500006 0.4080315609375 0.44413326406250003 0.408497778125 0.4521378921875 0.410724315625 0.470290796875 0.419574371875 0.5104339421875 0.43102287031250003 0.5269297875000001 0.4876420859375 0.5285772390625 0.5162352578125 0.50623170625 0.53063120625 0.4875541296875
0 0.67396575 0.655364309375 0.6660660921875 0.6234534640625 0.633050678125 0.5650611921875 0.6214146203124999 0.5509784484375 0.601471309375 0.5384916015625001 0.568501778125 0.5375322859375 0.5559126156249999 0.549031775 0.545725378125 0.6121515640624999 0.5494940109375 0.67685648125 0.5762264984375001 0.713754075 0.57814568125 0.728475425 0.634131028125 0.7494115390625 0.655956225 0.7397719671874999 0.67336881875 0.6765025953125 0.67396575 0.655364309375
0 0.32864781875000004 0.552411246875 0.3248443546875 0.4871082828125 0.31490028125 0.4646192453125 0.295678696875 0.45084762500000003 0.26484991406249997 0.414897359375 0.25213749218750003 0.40987381406249995 0.25157813125 0.40976199687500003 0.2256483265625 0.40900751562500004 0.2184991546875 0.4125821125 0.19304665781250002 0.45118240781249996 0.18554623125 0.48076164062500004 0.1859745703125 0.4881159390625 0.228905478125 0.568564434375 0.25164104374999996 0.594953509375 0.2704633453125 0.6056665625 0.298816884375 0.6083557749999999 0.321686553125 0.588104578125 0.32864781875000004 0.552411246875
0 0.1334173609375 0.5639020640625 0.09500703125 0.538616478125 0.0744202765625 0.5356347984375 0.033388009375 0.53444088125 0.03356379375 0.549486446875 0.03700685625 0.60860155625 0.06297858281249999 0.6413201265625 0.084657621875 0.65658296875 0.1158907015625 0.653100025 0.12652534531249998 0.64319585625 0.1437453765625 0.6114018421875 0.1334173609375 0.5639020640625
0 0.8731800125 0.477049684375 0.8664872984375 0.362140240625 0.862121346875 0.3620132046875 0.784772178125 0.3704159234375 0.774338659375 0.3773707109375 0.7725650265625 0.46526338437500003 0.7664097140624999 0.49103805312500004 0.766771653125 0.49725229843749996 0.771473515625 0.52581016875 0.7883850921875 0.552953234375 0.8135026078125 0.56730904375 0.8500994000000001 0.5551708484375 0.867625065625 0.532512571875 0.8731800125 0.477049684375
0 1 0.502246846875 0.9987382234375 0.4998141828125 0.9931991703125 0.4705711 0.976122696875 0.4271685484375 0.956745971875 0.3901851265625 0.945911403125 0.38160961875 0.9422119 0.3815019734375 0.9357154984375 0.396722675 0.9246473500000001 0.40360387812500004 0.93307075625 0.436386828125 0.9293726359375001 0.4450513171875 0.8991411640625 0.4772653796875 0.8976284609375 0.49059241406250004 0.873455371875 0.53457215 0.8739398671874999 0.5428906296875 0.9046483765625 0.662404675 1 0.649161184375 1 0.502246846875
1 0.9436670656249999 0.7224263640624999 0.9423045406250001 0.6990327109375001 0.8830779156249999 0.657292496875 0.8333008515625 0.6087864234375 0.8228763765625 0.590737346875 0.8330770328125 0.5877305390625 0.83426754375 0.5804636125 0.816242153125 0.579982390625 0.8285796109374999 0.5735419421875 0.8190595921874999 0.5635409984375 0.8009715671875 0.563014690625 0.78185503125 0.5736696609374999 0.75386810625 0.5731340578124999 0.7507799187499999 0.5807734390625 0.7683117578124999 0.611494115625 0.7644909 0.6524341437500001 0.727442821875 0.7280286640625 0.7263974625 0.7414111 0.7264061734375 0.7415606546875 0.7296080640625 0.7545310796875 0.744007971875 0.787072153125 0.7693696484375 0.8132418343750001 0.7798043265625 0.8152128624999999 0.895562678125 0.7924933046875 0.9436670656249999 0.7224263640624999
1 0.761578325 0.685093346875 0.779263178125 0.6627509984375 0.77811803125 0.64308958125 0.7553039625 0.5688367734375 0.7570551140624999 0.5216614984375 0.750196340625 0.5131818703125 0.7433341375 0.5129821999999999 0.7314651296875 0.51485589375 0.6858257015625 0.5602637374999999 0.6680180609375 0.59608746875 0.6684069015625 0.6027636234375 0.6891320125 0.6203194421875 0.7025367625000001 0.6611939046875001 0.74283095625 0.7112466093750001 0.747089240625 0.7113705140625 0.7518181578124999 0.708129428125 0.761578325 0.685093346875
1 0.387334596875 0.792411525 0.395216878125 0.7901480203125 0.3954558640625 0.7452184640625 0.4368938578125 0.655598134375 0.4383532625 0.627336471875 0.3755875234375 0.625510175 0.30931085 0.624672490625 0.29463350781250003 0.6245869265625 0.2816319734375 0.62832049375 0.2696304578125 0.6604836015625 0.241856575 0.6976874203125 0.2432764765625 0.7220662 0.257071525 0.7336673703125001 0.26893360624999996 0.73569004375 0.32804490468749997 0.7672909546875 0.3428127578125 0.781051684375 0.3761669890625 0.79208658125 0.387334596875 0.792411525
1 0.258296625 0.6832272046875 0.259904559375 0.6563540609375 0.25578488125 0.648541759375 0.24930363125000002 0.6483531734375 0.1245270265625 0.673894065625 0.1098525796875 0.67700106875 0.086170596875 0.6962000140625 0.0718325765625 0.724466840625 0.0732530953125 0.748856196875 0.082661675 0.7714386 0.122404640625 0.7959664359375 0.146214125 0.7966592218749999 0.1499598578125 0.7958661421875 0.1422592359375 0.7710659359375 0.1523177578125 0.761792840625 0.2376353375 0.7416876734375 0.2481125078125 0.7017112875 0.258296625 0.6832272046875
1 0.3259063015625 0.5781303078125 0.2910941453125 0.5590977359375 0.2671725921875 0.558401690625 0.26060895781250004 0.571046584375 0.2488117734375 0.574148659375 0.24197229375 0.592547746875 0.243301325 0.6153663109374999 0.27171338437500003 0.6261106828125 0.3065962328125 0.6513110109375 0.3660039296875 0.6742386515625001 0.37023455781250003 0.6554579453125 0.355285503125 0.6004410703125 0.3259063015625 0.5781303078125