1 0.6365234375 0.62109375 0.6550781265625 0.6005859375 0.6628906265625 0.5869140625 0.6609375 0.5712890625 0.62578125 0.5263671875 0.6228515625 0.5058593734375 0.5916015625 0.4980468734375 0.5466796875 0.5 0.4724609375 0.5390625 0.4412109375 0.5390625 0.35625 0.5712890625 0.3582031265625 0.5869140625 0.41875 0.6572265625 0.45 0.7060546875 0.47734375 0.7255859375 0.4919921875 0.7207031265625 0.4988281265625 0.7060546875 0.5427734375 0.6660156265625 0.6365234375 0.62109375
1 0.746875 0.7177734375 0.6931640625 0.66796875 0.6619140625 0.6777343734375 0.5955078125 0.6699218734375 0.5603515625 0.6796875 0.4490234375 0.7988281265625 0.4041015625 0.8222656265625 0.3796875 0.8525390625 0.3777343734375 0.8779296875 0.3865234375 0.89453125 0.5808593734375 0.9267578125 0.6306640625 0.89453125 0.68046875 0.8173828125 0.73515625 0.7724609375 0.746875 0.7177734375
1 0.7009765625 0.3984375 0.71171875 0.3779296875 0.7371093734375 0.3583984375 0.7097656265625 0.2939453125 0.70390625 0.2451171875 0.7078125 0.2001953125 0.7009765625 0.19140625 0.6658203125 0.1953125 0.6462890625 0.21875 0.61015625 0.2392578125 0.6121093734375 0.2626953125 0.5886718734375 0.3232421875 0.6003906265625 0.4423828125 0.6160156265625 0.4736328125 0.6384765625 0.4941406265625 0.653125 0.4970703125 0.66875 0.4853515625 0.69609375 0.4287109375 0.68828125 0.4033203125 0.7009765625 0.3984375
1 0.8552734375 0.54296875 0.8826171875 0.5332031265625 0.92265625 0.4990234375 0.9265625 0.4677734375 0.9138671875 0.453125 0.8767578125 0.46875 0.8484375 0.4443359375 0.840625 0.4189453125 0.8474609375 0.36328125 0.7400390625 0.3574218734375 0.7097656265625 0.3798828125 0.6921875 0.4111328125 0.6902343734375 0.4404296875 0.6589843734375 0.5029296875 0.63359375 0.5166015625 0.6697265625 0.578125 0.7078125 0.5849609375 0.7283203125 0.5800781265625 0.7615234375 0.55078125 0.7966796875 0.5371093734375 0.8552734375 0.54296875
0 0.3962890625 0.1503906265625 0.3728515625 0.1386718734375 0.3083984375 0.13671875 0.28203125 0.1572265625 0.2546875 0.2119140625 0.2488281265625 0.2900390625 0.2810546875 0.3222656265625 0.3376953125 0.34375 0.3640625 0.3447265625 0.3904296875 0.3125 0.4324218734375 0.2919921875 0.4597656265625 0.2080078125 0.3962890625 0.1503906265625
0 0.4412109375 0.05078125 0.4265625 0.0634765625 0.4236328125 0.07617187343750001 0.3796875 0.1083984375 0.371875 0.1337890625 0.4353515625 0.16796875 0.4685546875 0.20703125 0.5046875 0.2060546875 0.5183593734375 0.1865234375 0.528125 0.1064453125 0.4705078125 0.0566406265625 0.4412109375 0.05078125
0 0.5935546875 0.09375 0.5662109375 0.09375 0.5388671875 0.10546875 0.528125 0.1376953125 0.52421875 0.1962890625 0.5974609375 0.21875 0.6375 0.2177734375 0.6550781265625 0.2001953125 0.66484375 0.1748046875 0.6589843734375 0.1298828125 0.5935546875 0.09375
0 0.5544921875 0.2089843734375 0.5115234375 0.20703125 0.4763671875 0.2421875 0.4519531265625 0.2529296875 0.4363281265625 0.2919921875 0.4978515625 0.3066406265625 0.57109375 0.3486328125 0.57890625 0.3154296875 0.6003906265625 0.2939453125 0.60625 0.2275390625 0.5544921875 0.2089843734375
0 0.5808593734375 0.3720703125 0.5564453125 0.34375 0.4978515625 0.3125 0.4490234375 0.30078125 0.4099609375 0.3046875 0.3875 0.3232421875 0.37578125 0.3447265625 0.3796875 0.3818359375 0.4451171875 0.4765625 0.4744140625 0.4941406265625 0.5203125 0.4990234375 0.5759765625 0.4765625 0.5847656265625 0.4658203125 0.5964843734375 0.4228515625 0.5808593734375 0.3720703125
0 0.4324218734375 0.4677734375 0.403125 0.4150390625 0.3708984375 0.37890625 0.2400390625 0.3457031265625 0.2185546875 0.3457031265625 0.16875 0.3740234375 0.1667968734375 0.3916015625 0.2009765625 0.4121093734375 0.21953125 0.4345703125 0.20390625 0.4658203125 0.2175781265625 0.4755859375 0.2185546875 0.51171875 0.2400390625 0.5058593734375 0.2712890625 0.52734375 0.4050781265625 0.5439453125 0.4490234375 0.5234375 0.46171875 0.5107421875 0.465625 0.4931640625 0.4324218734375 0.4677734375
0 0.88359375 0.2705078125 0.8318359375 0.203125 0.7712890625 0.1894531265625 0.7478515625 0.19140625 0.7136718734375 0.2333984375 0.7175781265625 0.2841796875 0.7292968734375 0.2919921875 0.7214843734375 0.3017578125 0.7634765625 0.3496093734375 0.8113281265625 0.3564453125 0.8455078125 0.35546875 0.87578125 0.3447265625 0.8875 0.3115234375 0.88359375 0.2705078125
1 0.7009765625 0.00390625 0.5759765625 0.00390625 0.56328125 0.0146484375 0.559375 0.0439453125 0.5740234375 0.078125 0.6150390625 0.1015625 0.6599609375 0.10546875 0.67265625 0.1142578125 0.67265625 0.1298828125 0.6853515625 0.1425781265625 0.7058593734375 0.1435546875 0.7390625 0.1103515625 0.7410156265625 0.0966796875 0.715625 0.0244140625 0.7009765625 0.00390625
1 0.2146484375 0.0234375 0.1628906265625 0.0517578125 0.16875 0.0888671875 0.1814453125 0.10742187343750001 0.2556640625 0.140625 0.2859375 0.1435546875 0.30546875 0.1259765625 0.3269531265625 0.0732421875 0.3083984375 0.041015626562500004 0.2146484375 0.0234375