1 0.6935291390625 0.60019723125 0.6863340546875001 0.5852772953125001 0.6698607140624999 0.5742364546875 0.6471818453125 0.57101343125 0.6215364296875 0.569017796875 0.597768940625 0.56929435625 0.5823820234375 0.5725040203125 0.5643442296875001 0.586940021875 0.5564555875 0.59841851875 0.555120834375 0.60442863125 0.5509966796875 0.6470411390625 0.5359678296875 0.6969036375 0.5344403640625 0.7126860484375 0.539955790625 0.72346955625 0.59800283125 0.7301751140625 0.68016240625 0.7292191 0.6833736796875 0.7250520859375 0.688865725 0.7003225984375 0.6935291390625 0.60019723125
1 0.8203421671875001 0.46832033125 0.8070094687499999 0.4707244234375 0.7866392515625 0.4749872875 0.775642840625 0.482868109375 0.7804461828125 0.489865984375 0.7785504875 0.499054796875 0.765607553125 0.50728660625 0.7495802203124999 0.5062445859375 0.74184495625 0.5164863671875 0.7339329421875 0.5336410093749999 0.734843240625 0.5413408640624999 0.7196002859374999 0.5637493874999999 0.7214208828124999 0.5791490875 0.73509736875 0.5855299984375 0.7545625968749999 0.5820201140625 0.7845783796875 0.590282715625 0.8110630984375 0.5899745375000001 0.849588709375 0.578647415625 0.8620256703125 0.5577278546875 0.86364296875 0.5377762515625 0.8774913874999999 0.506325803125 0.8792934703125 0.4676343703125 0.8203421671875001 0.46832033125
1 0.7236427109375 0.4565865765625 0.7150369421875 0.41756470781250005 0.7059536953125 0.33609213437499996 0.6916446671875 0.284507640625 0.6784070546875001 0.2700802875 0.6662084 0.27022223125 0.609528434375 0.275513825 0.6103413296875 0.29601807812500003 0.6044726359375 0.30734605 0.5850337531250001 0.309160846875 0.5668958484375 0.2922340546875 0.5683297828125 0.28622014375 0.562875115625 0.2798693390625 0.531772903125 0.2827730140625 0.5236914453125 0.2965268171875 0.52135885625 0.3466084296875 0.5230582125 0.3512070859375 0.5467618703125 0.3421340828125 0.5681446421875 0.3401378078125 0.5843756859375 0.3464625453125 0.60005975 0.357738384375 0.6095351499999999 0.37645390624999997 0.6326177687500001 0.393899071875 0.6420931671875 0.41261459375 0.6415091562499999 0.4283492265625 0.6333195796875 0.4467539234375 0.6109758000000001 0.47138007656249997 0.56226750625 0.5082676703125 0.5665171250000001 0.5568712734375 0.5794680953125 0.566074646875 0.5831154140625 0.56603220625 0.678693790625 0.5062182734375 0.70809615625 0.48387315624999994 0.7233122843750001 0.46368096562499994 0.7236427109375 0.4565865765625
1 0.5254964734375001 0.2849954734375 0.48610255156250004 0.23917019375 0.3993619265625 0.224916021875 0.3280161453125 0.22574620625000003 0.2671568234375 0.27236921718749996 0.26062774843750003 0.3118532796875 0.2603259296875 0.3183334390625 0.2634784515625 0.3227650234375 0.34968664843749997 0.34039423750000003 0.3997335703125 0.3627571890625 0.4751604359375 0.3719661453125 0.4904952671875 0.3733328796875 0.51618945625 0.32440196875 0.5225586718749999 0.30418288437499996 0.52519005 0.29157449375 0.5254964734375001 0.2849954734375
1 0 0.7131585484375 0.007018471875 0.7242367671875 0.0441952484375 0.722514503125 0.0906461640625 0.72762171875 0.13719324375 0.745300125 0.1441348359375 0.7436494125 0.15333033125 0.731454734375 0.1542615265625 0.7114615859375 0.14973787968750002 0.705356178125 0.15516454531249999 0.683531921875 0.1483993328125 0.66871365625 0.129346078125 0.6483301890625001 0.0953595828125 0.6323191953125 0.08430593593749999 0.6299269 0.04535534375 0.63038013125 0.024933720312499998 0.6353772828124999 0.0073552828125 0.649687446875 0 0.6625170781249999 0 0.7131585484375
1 0.276881859375 0.626982225 0.2735485375 0.5978251546875 0.26562412812499997 0.578120746875 0.25432245625 0.5632486531249999 0.24710230625000001 0.559319853125 0.21619741406249998 0.5596794640625 0.20205098124999998 0.569181775 0.162614675 0.615449253125 0.13681784531250002 0.6619554562500001 0.13481796562499998 0.6834427375 0.1520698578125 0.728745828125 0.1523820890625 0.746360434375 0.1624624921875 0.7533848640625 0.17377938125 0.75446339375 0.1751433296875 0.7544872671875 0.1856883328125 0.744986803125 0.22463059843750002 0.683058109375 0.24078968125000003 0.666710075 0.26295036875 0.6592716578125 0.275922284375 0.647584678125 0.276881859375 0.626982225
1 0.2762599578125 0.7698037531249999 0.406441384375 0.7623381375 0.4076855046875 0.7356263609375 0.4046597390625 0.728207990625 0.4079755453125 0.7293990625 0.40832545 0.721886475 0.40100745 0.679499115625 0.394467453125 0.66848248125 0.384090025 0.6686032328125 0.3810692484375 0.669030334375 0.2696372796875 0.7574153953125 0.2635347421875 0.7699518249999999 0.2762599578125 0.7698037531249999
1 0.5227164281250001 0.512330771875 0.5188293796875 0.49389565468749996 0.5205706515624999 0.47586849062500003 0.46866817968749996 0.456795896875 0.44802198750000005 0.45703613593750003 0.4445718109375 0.4798409546875 0.4260671203125 0.4908484015625 0.4124755984375 0.5067621499999999 0.4121133140625 0.5145405421875 0.41370780468749996 0.5274171765625 0.4191704234375 0.5314201749999999 0.4680609734375 0.525131121875 0.49940276875 0.5375693546875 0.5171563156250001 0.536540471875 0.52232401875 0.5207559546875 0.5227164281250001 0.512330771875
1 0.6315932984375 0.7229290484375 0.6315182546875 0.72075845 0.5880183671875 0.7323121968749999 0.5634699109375 0.7256111375 0.5466101671875 0.7110015546875 0.53551103125 0.6887328890625 0.51378481875 0.701420525 0.5135975109375 0.7271247046875 0.49939643437500003 0.7645187578125 0.5016305 0.773118946875 0.6134609546875 0.758651384375 0.631239115625 0.7305334640625001 0.6315932984375 0.7229290484375
1 0.734030990625 0.497434409375 0.7264584859375 0.5006149 0.7057356515625 0.5276918359375 0.70482623125 0.5359316703125 0.70483213125 0.5641302328125 0.708511284375 0.5661100984375 0.74074496875 0.521260340625 0.7427790171875001 0.515132878125 0.7436085265625 0.497322965625 0.734030990625 0.497434409375
1 0.8020163796875 0.4503384875 0.798026928125 0.405790009375 0.7948455125 0.403027578125 0.781089165625 0.403187646875 0.7802505656250001 0.40332123906249995 0.7584491265625 0.4158810578125 0.7185313828125001 0.4201198640625 0.7177145453125 0.43978653437500004 0.7411252390625 0.4724935171875 0.8003388484375 0.4718045046875 0.801054896875 0.4709819109375 0.8020163796875 0.4503384875
1 0.73793469375 0.6191424546875 0.7248202078125 0.56409953125 0.7145271484375 0.563313728125 0.7109225218749999 0.5632927359375001 0.6995023781249999 0.5634256203125 0.687635571875 0.6480674140625 0.6900886109375 0.6630512796875 0.718118775 0.6592725515625 0.7365383859375 0.6491217234375 0.73793469375 0.6191424546875
1 0.7610479421874999 0.6593608453125 0.7350431921875 0.657365471875 0.64960816875 0.651458771875 0.6314724203125001 0.6516698 0.6435504859375001 0.6817931109375001 0.6725614359375001 0.69390845625 0.6839284265625001 0.711592471875 0.6866156515624999 0.7444333624999999 0.7182953546874999 0.7605114171875 0.7212951578125 0.7607415953125 0.7314578609375 0.7607302484375 0.7493463499999999 0.74964233125 0.7593488703125 0.6958406265625 0.7610479421874999 0.6593608453125
1 0.636842325 0.375525078125 0.6290779890625 0.3638261828125 0.608664275 0.34845671875 0.5977731328125 0.3261625390625 0.5888916125 0.32109479531249996 0.530185415625 0.3217779046875 0.4914042125 0.3467104453125 0.4571412140625 0.3720290171875 0.44852217968749997 0.38958756562499997 0.446696240625 0.42879122968749994 0.4575325265625 0.44345261718750006 0.5118706453125 0.4893436953125 0.5326709390625 0.4919435390625 0.605958221875 0.43784403593750004 0.627531671875 0.414904646875 0.6359114609375001 0.3955111203125 0.636842325 0.375525078125
0 0.350117984375 0.5969219625 0.32568013906250004 0.48782372812499997 0.3105971890625 0.46059618437500005 0.3014969109375 0.45463346875 0.29438302968749996 0.4528379546875 0.2772305734375 0.44965355625000003 0.2577340796875 0.44988041718750005 0.221869725 0.45449438750000004 0.19932065000000002 0.4661140296875 0.188659803125 0.4817524984375 0.1878869296875 0.49245050468749996 0.18752237656249998 0.5002776078125 0.2017975828125 0.5461658203125 0.2029407828125 0.5831128015625 0.197537265625 0.6285903187499999 0.20896024687499998 0.637583171875 0.2217094078125 0.6414119796875 0.232473834375 0.644128875 0.303498290625 0.6492827218749999 0.32335126875000003 0.6490517125 0.334187621875 0.6427144890625 0.3465300109375 0.6213906984374999 0.3497148671875 0.605577078125 0.350117984375 0.5969219625
0 0 0.644098784375 0.00600240625 0.6504831828125 0.016774132812500002 0.65000700625 0.0844806765625 0.622534034375 0.14694053125 0.6086777062500001 0.15510957187500002 0.5926657484375 0.1565264265625 0.5622453328125 0.15211798125 0.5475131875 0.14938413281250001 0.5073606984375 0.070592146875 0.5082775265625 0.037889215625 0.5192771453125 0.008951654687500001 0.5386961625 0 0.5506391390625 0 0.644098784375
0 0.5404781515625 0.5668605828125 0.5276904921875001 0.5524386296875 0.5155536625 0.55169606875 0.4820067015625 0.5316000421875 0.42411177968749997 0.5322737109375 0.413430615625 0.5354241953125001 0.36764745 0.5608148703125 0.3582419375 0.5777809796875 0.36259891093749996 0.60185395625 0.37942843593750003 0.6197987015625 0.38316691718749996 0.6168950078125001 0.3878267828125 0.623444953125 0.3915652640625 0.6205412625 0.4033663703125 0.6281546078125 0.40499202968750003 0.6345189125 0.4119489953125 0.6336915875 0.42019589531249996 0.646099353125 0.437176865625 0.655282584375 0.441988175 0.6530710156249999 0.4382168625 0.6453224640624999 0.44339672500000005 0.64689235 0.44897797187500005 0.6628959328125 0.48008998125 0.6829674828125001 0.504732190625 0.68823405625 0.5085564546875 0.6552643640625 0.5336530015625 0.6342463921875 0.5376239 0.6281425375 0.5404781515625 0.5668605828125
1 0.36030364062500003 0.6464664015625 0.3419761234375 0.6331752500000001 0.3164305578125 0.6334724984375 0.2743842390625 0.665200275 0.2778268484375 0.67352346875 0.34069841093750003 0.6831873078124999 0.343834315625 0.682768871875 0.34814433125 0.6807300109375001 0.3511405328125 0.664716790625 0.36011295312499997 0.6505605578125 0.36030364062500003 0.6464664015625
0 0.3682812203125 0.6656638781249999 0.40446421250000003 0.6371421828125 0.40527483281250004 0.619737865625 0.402377209375 0.612430803125 0.38168173437499997 0.6108500875 0.366165859375 0.61103063125 0.359086778125 0.6177234375 0.3502889 0.644726865625 0.3678901375 0.6656684296875001 0.3682812203125 0.6656638781249999
1 0.45485339218750004 0.7287925171875 0.44627089062499997 0.6823872625 0.433431740625 0.67373036875 0.3968268109375 0.6700166796875 0.38288496875 0.6701789078125 0.35114494218750003 0.6769150171875 0.3232232953125 0.704951259375 0.3232071203125 0.70529854375 0.4051344859375 0.7461049359375 0.44416050625 0.7456508281249999 0.454844325 0.7289871671875 0.45485339218750004 0.7287925171875
0 0.45067744843749996 0.44962916875000003 0.44117975 0.416792753125 0.41484152031250004 0.3907551125 0.3943582625 0.3806770078125 0.3696973265625 0.3783032140625 0.3624463046875 0.3783875875 0.319263078125 0.394374478125 0.3173874875 0.3965443125 0.3158823171875 0.42886092500000006 0.323174028125 0.44332674218749996 0.34073155 0.454191515625 0.3856035859375 0.49602663125 0.39294397187499996 0.5001617546875 0.4196822625 0.4998506265625 0.4489954390625 0.48352773281249994 0.44948773906249995 0.47517270624999997 0.45067744843749996 0.44962916875000003
0 0.2496957453125 0.774797815625 0.24970863593749998 0.7745210453125 0.24562750625000002 0.76966160625 0.250168096875 0.7549494578125 0.24617737968750003 0.7490545640625 0.23662564531250002 0.746368834375 0.2215459328125 0.7427524109375 0.20349527812499998 0.752644459375 0.182952371875 0.7556183875 0.15217594375000001 0.738452884375 0.1517557890625 0.7384577734375 0.1415709046875 0.7509669359375 0.1415226453125 0.752003115625 0.23717893281250002 0.7749434625 0.2496957453125 0.774797815625
0 0.51454399375 0.7213255234375 0.5144376187499999 0.7167737515625 0.514240890625 0.7134117 0.5132445109375 0.7064592546874999 0.500264246875 0.6861394859375001 0.49828694531249995 0.6844526171875 0.4534721453125 0.6849740843750001 0.45206933125 0.715093065625 0.45379150468749996 0.7315567781250001 0.48702854375 0.711832225 0.495520984375 0.7394186546875 0.49954403125 0.7410015671875 0.5140796890625 0.7312943359374999 0.51454399375 0.7213255234375