1 0.70703125 0.5701171875 0.7109375 0.5447265625 0.697265625 0.5154296875 0.6826171875 0.502734375 0.6337890625 0.479296875 0.5986328125 0.47734375 0.5595703125 0.483203125 0.5390625 0.4958984375 0.552734375 0.5115234375 0.55859375 0.5291015625 0.560546875 0.5916015625 0.513671875 0.6833984375 0.484375 0.7087890625 0.5029296875 0.71953125 0.53515625 0.7205078125 0.5888671875 0.71171875 0.6083984375 0.7 0.693359375 0.5916015625 0.70703125 0.5701171875
1 0.556640625 0.5271484375 0.55078125 0.5095703125 0.5439453125 0.5046875 0.5068359375 0.496875 0.4697265625 0.498828125 0.439453125 0.5212890625 0.421875 0.5623046875 0.392578125 0.6541015625 0.396484375 0.6892578125 0.4091796875 0.705859375 0.4228515625 0.71171875 0.47265625 0.7126953125 0.509765625 0.6873046875 0.55859375 0.5955078125 0.5625 0.5701171875 0.556640625 0.5271484375
1 0.8486328125 0.444140625 0.8662109375 0.428515625 0.888671875 0.4197265625 0.88671875 0.4060546875 0.873046875 0.3982421875 0.830078125 0.3376953125 0.8046875 0.2908203125 0.7822265625 0.268359375 0.7666015625 0.276171875 0.7470703125 0.272265625 0.7197265625 0.28203125 0.6787109375 0.2859375 0.65234375 0.3005859375 0.669921875 0.3181640625 0.689453125 0.3630859375 0.712890625 0.3962890625 0.75 0.4685546875 0.759765625 0.4724609375 0.7919921875 0.4578125 0.8134765625 0.455859375 0.8251953125 0.44609375 0.8486328125 0.444140625
1 0.181640625 0.5876953125 0.171875 0.5818359375 0.177734375 0.5603515625 0.21875 0.5291015625 0.23046875 0.5017578125 0.228515625 0.4705078125 0.1923828125 0.42265625 0.1044921875 0.428515625 0.0791015625 0.416796875 0.025390625 0.4744140625 0.025390625 0.5095703125 0.041015625 0.5583984375 0.083984375 0.6287109375 0.1162109375 0.64921875 0.142578125 0.6501953125 0.15234375 0.6423828125 0.158203125 0.6248046875 0.181640625 0.5935546875 0.181640625 0.5876953125
1 0.2724609375 0.580859375 0.265625 0.5564453125 0.2734375 0.5232421875 0.2548828125 0.5203125 0.2080078125 0.541796875 0.19140625 0.5583984375 0.1875 0.5740234375 0.197265625 0.5818359375 0.162109375 0.6228515625 0.142578125 0.6599609375 0.138671875 0.6892578125 0.1494140625 0.701953125 0.263671875 0.7166015625 0.2978515625 0.678515625 0.365234375 0.6228515625 0.3408203125 0.5984375 0.2724609375 0.580859375
0 0.68359375 0.3572265625 0.673828125 0.3298828125 0.6591796875 0.31328125 0.6103515625 0.307421875 0.5361328125 0.326953125 0.5234375 0.3357421875 0.49609375 0.3708984375 0.494140625 0.4001953125 0.5 0.4236328125 0.5498046875 0.479296875 0.5947265625 0.4734375 0.6552734375 0.479296875 0.6669921875 0.483203125 0.7099609375 0.522265625 0.75 0.5212890625 0.755859375 0.5115234375 0.755859375 0.4958984375 0.734375 0.4392578125 0.68359375 0.3572265625
0 0.4296875 0.5310546875 0.439453125 0.5154296875 0.46875 0.4900390625 0.47265625 0.4783203125 0.490234375 0.4099609375 0.490234375 0.3884765625 0.4697265625 0.371875 0.4462890625 0.36796875 0.4326171875 0.37578125 0.3505859375 0.3796875 0.3349609375 0.385546875 0.32421875 0.3962890625 0.3125 0.4216796875 0.3046875 0.4685546875 0.2734375 0.5388671875 0.2763671875 0.575 0.2978515625 0.5828125 0.3134765625 0.576953125 0.3369140625 0.580859375 0.3486328125 0.59453125 0.3505859375 0.580859375 0.3837890625 0.5828125 0.392578125 0.5935546875 0.38671875 0.6033203125 0.396484375 0.6052734375 0.40234375 0.5994140625 0.39453125 0.5955078125 0.41015625 0.5876953125 0.4296875 0.5310546875
0 0.400390625 0.6990234375 0.390625 0.6638671875 0.396484375 0.6287109375 0.3857421875 0.623828125 0.3583984375 0.635546875 0.3193359375 0.66484375 0.28515625 0.6951171875 0.271484375 0.7146484375 0.2763671875 0.721484375 0.3154296875 0.73125 0.470703125 0.7537109375 0.4765625 0.7244140625 0.4697265625 0.713671875 0.4248046875 0.713671875 0.400390625 0.6990234375
0 0.7119140625 0.778125 0.7177734375 0.778125 0.7353515625 0.75859375 0.7900390625 0.73125 0.802734375 0.7166015625 0.796875 0.6677734375 0.775390625 0.5759765625 0.763671875 0.5525390625 0.7392578125 0.526171875 0.7294921875 0.522265625 0.708984375 0.5271484375 0.708984375 0.5681640625 0.654296875 0.6443359375 0.642578125 0.6658203125 0.638671875 0.6892578125 0.64453125 0.7400390625 0.671875 0.7869140625 0.6923828125 0.79375 0.71875 0.7927734375 0.7197265625 0.783984375 0.708984375 0.7888671875 0.70703125 0.7830078125 0.7119140625 0.778125
0 0.8310546875 0.6296875 0.7919921875 0.61796875 0.787109375 0.6365234375 0.796875 0.6658203125 0.802734375 0.7166015625 0.7900390625 0.733203125 0.7666015625 0.744921875 0.765625 0.7517578125 0.7783203125 0.756640625 0.8310546875 0.752734375 0.873046875 0.7673828125 0.876953125 0.7576171875 0.875 0.7166015625 0.859375 0.6560546875 0.8310546875 0.6296875
0 0.9052734375 0.776171875 0.8779296875 0.77421875 0.8642578125 0.7625 0.8330078125 0.752734375 0.76171875 0.7556640625 0.748046875 0.7966796875 0.7509765625 0.80546875 0.8427734375 0.826953125 0.892578125 0.8298828125 0.9013671875 0.826953125 0.916015625 0.8083984375 0.91796875 0.7869140625 0.9052734375 0.776171875
0 0.8896484375 0.444140625 0.8623046875 0.434375 0.8486328125 0.44609375 0.7744140625 0.465625 0.755859375 0.4783203125 0.75390625 0.5271484375 0.7685546875 0.541796875 0.7939453125 0.54375 0.8291015625 0.557421875 0.876953125 0.5662109375 0.916015625 0.5349609375 0.912109375 0.4841796875 0.900390625 0.4548828125 0.8896484375 0.444140625
0 0.751953125 0.2576171875 0.751953125 0.2498046875 0.7001953125 0.16875 0.51953125 0.1697265625 0.51953125 0.1912109375 0.541015625 0.2517578125 0.5517578125 0.26640625 0.5771484375 0.28203125 0.6044921875 0.278125 0.654296875 0.2908203125 0.6787109375 0.28203125 0.7236328125 0.278125 0.7412109375 0.2703125 0.751953125 0.2576171875
0 0.5078125 0.2478515625 0.5009765625 0.241015625 0.4248046875 0.23515625 0.3759765625 0.25078125 0.36328125 0.2654296875 0.365234375 0.2927734375 0.3935546875 0.3171875 0.427734375 0.3201171875 0.4462890625 0.319140625 0.46484375 0.2908203125 0.4912109375 0.272265625 0.5078125 0.2478515625
0 0.5361328125 0.291796875 0.4970703125 0.278125 0.4755859375 0.283984375 0.46484375 0.2947265625 0.427734375 0.3630859375 0.4306640625 0.369921875 0.4482421875 0.366015625 0.4921875 0.3806640625 0.5078125 0.3533203125 0.537109375 0.3240234375 0.541015625 0.3123046875 0.5361328125 0.291796875
0 0.8203125 0.2009765625 0.7841796875 0.18046875 0.7197265625 0.182421875 0.71484375 0.1873046875 0.724609375 0.2068359375 0.755859375 0.2537109375 0.7646484375 0.2625 0.7841796875 0.264453125 0.7939453125 0.278125 0.814453125 0.2908203125 0.830078125 0.2751953125 0.837890625 0.2341796875 0.837890625 0.2263671875 0.8203125 0.2009765625