1 0.577586228125 0.33242475625 0.578817796875 0.3360047078125 0.585999565625 0.45950902656250003 0.5947416703124999 0.47514667812500005 0.6267364015625 0.503396215625 0.6622000124999999 0.507112528125 0.696162071875 0.5186817453125 0.76260424375 0.516335159375 0.776639175 0.538805765625 0.79171966875 0.5455819265625 0.79902320625 0.55715948125 0.812248046875 0.5576213015625 0.842539290625 0.557445534375 0.8530872109375001 0.55699211875 0.9030809328125 0.5243447421874999 0.9114439687500001 0.503156121875 0.9111908984375001 0.4988040671875 0.9073771828125 0.46352734062499995 0.8898929687500001 0.4322520359375 0.8691776609374999 0.4127617640625 0.868607678125 0.40295983281250003 0.8439871015625 0.36682331874999996 0.7774309359375 0.36720951875 0.744950825 0.3811253203125 0.7174313484375 0.3793239578125 0.6972860234375 0.3696356125 0.6785282515625 0.35013398281249997 0.652396328125 0.33851933125 0.6458272484375 0.331851253125 0.5775173578125 0.32946581875000003 0.577586228125 0.33242475625
1 0.1688781046875 0.21262717812499998 0.176596621875 0.2504922859375 0.217309053125 0.330797759375 0.251036875 0.3674588171875 0.3279568859375 0.38302525 0.3459706265625 0.3836543046875 0.3448932203125 0.33736449999999996 0.32741025156250003 0.279777271875 0.3153778921875 0.19283922656250002 0.273044828125 0.13993470624999998 0.272532825 0.1398419796875 0.25196393437500003 0.14094603125 0.237214503125 0.1619284 0.20440003906249998 0.1697833296875 0.174472496875 0.19294462968749998 0.16877424375 0.208164896875 0.1688781046875 0.21262717812499998
1 0.0366403640625 0.1656065140625 0.039298534375 0.17610131874999999 0.072978090625 0.215426240625 0.0825202734375 0.26225344375000004 0.1001261453125 0.29867065937500004 0.1208123296875 0.32401378125 0.1305166453125 0.326171125 0.14209159843750002 0.32657533125 0.2271565484375 0.300286621875 0.17658602343750002 0.192865709375 0.14964775 0.15903300468749998 0.1410302515625 0.12993874375 0.1406175984375 0.129756490625 0.0822563859375 0.12771847187500002 0.0427497203125 0.1432559171875 0.036313540625 0.15156483437499998 0.0366403640625 0.1656065140625
1 0.2427630171875 0.636875225 0.2594861640625 0.6970097890625 0.3058865421875 0.733531290625 0.341482290625 0.734774321875 0.33920445312499997 0.6369091421874999 0.323879025 0.6132182203125 0.27805394375 0.5738842234375 0.251226603125 0.5956555703124999 0.2422587671875 0.6152105875 0.2427630171875 0.636875225
1 0.16221820468749998 0.5972588156249999 0.1688147890625 0.61719854375 0.2031852078125 0.63470985 0.207521559375 0.634861278125 0.25797016093749997 0.6194680015625 0.257534746875 0.6007608484375 0.23853635 0.5725516609375 0.23700156562500002 0.541028546875 0.22479703906249998 0.53739340625 0.21783455937500001 0.5371502703125 0.20909634531250001 0.5436556515625 0.2076168859375 0.5629046953125 0.1801693328125 0.5724501296875 0.1621576109375 0.594655478125 0.16221820468749998 0.5972588156249999
1 0.3485588359375 0.6881488640625 0.3822013171875 0.7129839046875001 0.38651284218750004 0.729666146875 0.43640085624999997 0.7523330703125 0.45676110468750003 0.7887418234375 0.47181805 0.800526396875 0.491292440625 0.8055774687499999 0.4937161484375 0.80566210625 0.4922223484375 0.7414823375 0.45985105312499996 0.652702075 0.45772227968749996 0.6526277375 0.39351967499999996 0.661445690625 0.35362700468749997 0.6783356625 0.3485132140625 0.68618876875 0.3485588359375 0.6881488640625
1 0.586986859375 0.2667765546875 0.5877159578125 0.26887809375 0.5946988859375 0.2771296859375 0.626355540625 0.280720865625 0.6365521000000001 0.3157401328125 0.6368173015624999 0.31574939375 0.6578442359375 0.3007935140625 0.720175721875 0.28964365000000003 0.719701828125 0.2692832625 0.71898369375 0.2672133203125 0.681863553125 0.208090434375 0.6715620140625 0.2077306953125 0.6120807234375001 0.21129935625 0.586969578125 0.2660340671875 0.586986859375 0.2667765546875
1 0.049075659375000004 0.42480709375 0.098372340625 0.4126872234375 0.114636678125 0.35628462031249997 0.1144766875 0.35548684375 0.0845604484375 0.338851071875 0.076138628125 0.34153249531249996 0.0455202265625 0.36756095 0.0357190390625 0.394329865625 0.0364181171875 0.4243650828125 0.049075659375000004 0.42480709375
0 0.2521862359375 0.43804381875000004 0.29161772343750003 0.49416482031250003 0.3703515828125 0.4969142671875 0.3873538875 0.4940072515625 0.423352678125 0.4776750140625 0.4310950375 0.466573103125 0.475634421875 0.4401998 0.48337678124999994 0.42909789062500003 0.485061403125 0.4075684625 0.48266670625 0.40438593125000005 0.47492434218749996 0.41548784375 0.4562907734375 0.42162272968750003 0.41554667500000003 0.41976435156249997 0.402260771875 0.41161480156249997 0.390517471875 0.3769934296875 0.3651160828125 0.3479888390625 0.33784398125 0.3473968453125 0.3100233796875 0.40787341406250005 0.28725663749999997 0.40376169375000004 0.25152870312500003 0.40979357343749995 0.2521862359375 0.43804381875000004
0 0.33008111093750003 0.22965449375000002 0.3468349515625 0.24342071718749997 0.34751580937500004 0.2629093515625 0.3601760734375 0.2897172828125 0.3462007125 0.3371248796875 0.3805962796875 0.3708553109375 0.3971589015625 0.3975045265625 0.41070329687499996 0.406210809375 0.435017471875 0.407059878125 0.45112267343749995 0.40409203125 0.4766124953125 0.37865988906250003 0.5170192265625 0.30480604218749996 0.5327415109375 0.2514724953125 0.519480128125 0.2354229921875 0.499559834375 0.22452340468749998 0.47460304375 0.23724825625 0.3984390296875 0.238394403125 0.38444035625 0.2292056015625 0.3629093171875 0.22812968906250003 0.3486383015625 0.21114543281249998 0.336795065625 0.20772386250000002 0.32974735 0.215314746875 0.33008111093750003 0.22965449375000002
0 0.3391268125 0.1289348203125 0.3311503890625 0.13004542187499998 0.3050966921875 0.146582709375 0.29929327968749997 0.181343059375 0.29964055312500004 0.196263315625 0.30813635 0.205149575 0.32302151874999996 0.20880230156250001 0.49950610937500006 0.24850517968750002 0.5026357109374999 0.24861446874999998 0.514707265625 0.2393346421875 0.5162924890625 0.229839725 0.48285402812499995 0.154719971875 0.4788968171875 0.1537488953125 0.47000906875000004 0.1522597734375 0.4581449359375 0.1631858796875 0.4102112 0.137585746875 0.380902909375 0.1303936734375 0.3391268125 0.1289348203125
0 0.012634275 0.2745127203125 0.017022465625 0.328452740625 0.0302942 0.3289162 0.07587763125 0.289900490625 0.081701796875 0.243589584375 0.0947904390625 0.21172382500000003 0.0966236875 0.16695037343750002 0.0712805203125 0.1623437640625 0.046715890625 0.16270614218749999 0.05539655624999999 0.166546896875 0.045459115625000004 0.1694171875 0.045839120312499995 0.18411953125 0.0222921453125 0.1836108796875 0.0144235078125 0.188717803125 0.012009579687499999 0.2476732578125 0.012634275 0.2745127203125
0 0.0928068484375 0.36521305625 0.0932233 0.37172710468750003 0.09441265625 0.38377016249999996 0.1061792671875 0.38433116875 0.1194322546875 0.3604147125 0.13850857968750002 0.3559355671875 0.1562024984375 0.3769866328125 0.1702124109375 0.38049860625 0.1905139015625 0.3969603953125 0.2050886625 0.39746935781250003 0.291459121875 0.3828365984375 0.303522784375 0.3864054625 0.316892784375 0.40137364375000006 0.31906762187500004 0.40144959062499996 0.3196368015625 0.394763465625 0.31915129375 0.373904078125 0.2956797703125 0.33663550625 0.27963476875 0.322398878125 0.25482394375 0.31822225937500004 0.18174305156249998 0.319378175 0.100966 0.3315432078125 0.0923734375 0.34659193125 0.0928068484375 0.36521305625
0 0.016130915625 0.4918194609375 0.0192327875 0.5232183296875 0.040852015625 0.5946939890625 0.081743671875 0.5961219578125 0.09118403281250001 0.5878081374999999 0.09653972499999999 0.5752852046875 0.0836155515625 0.5314221734375 0.0898199375 0.5115464453125 0.1435861890625 0.4630344375 0.1434866640625 0.4587584203125 0.12336470625 0.4309631453125 0.0841111203125 0.43561616875000003 0.07690365 0.437351803125 0.0345863421875 0.45029950156250004 0.0374915390625 0.4567483171875 0.0255723515625 0.4606397859375 0.0265050109375 0.470627215625 0.01573505 0.4748114671875 0.016130915625 0.4918194609375
0 0.08799958125 0.49405723437500004 0.08885479843750001 0.501801915625 0.0925648796875 0.511698934375 0.114930996875 0.529902996875 0.17273313125 0.5430951 0.1796702375 0.5433373484375 0.21959116562499997 0.5037054375000001 0.21826558281250003 0.44675298281250003 0.2020873640625 0.423812859375 0.1513318703125 0.39909081875 0.1230412453125 0.3981028890625 0.0869640140625 0.4083104171875 0.09823734218749999 0.4577310859375 0.087716671875 0.48190230156249997 0.08799958125 0.49405723437500004
0 0.20428847656250002 0.5266186140625 0.21612117187500002 0.549435228125 0.2260791796875 0.5492645171875 0.2547495265625 0.56616091875 0.255458184375 0.5662897203124999 0.322051334375 0.5191733296875001 0.3465874828125 0.5275940125 0.4288618390625 0.5754577609375 0.43427809531249995 0.5756469015625 0.44046459687499995 0.5616419625 0.43972090937499997 0.52969006875 0.39129714375 0.5079917328125 0.3699476296875 0.46667815937499996 0.3603349765625 0.46493104531249996 0.3223362078125 0.45881693593749995 0.2498783546875 0.4585214640625 0.21624029843749998 0.47716513281250006 0.204145428125 0.52047269375 0.20428847656250002 0.5266186140625
0 0.337380690625 0.6103510046875 0.3417702875 0.6236619984375 0.3620972359375 0.626396403125 0.3751506703125 0.66215459375 0.40361029843749996 0.683862059375 0.4664574375 0.6860567296875 0.48636852968750005 0.664341425 0.4568269265625 0.635194534375 0.4514431421875 0.5982137828125 0.46678046718750005 0.590790165625 0.47137395312499997 0.5691469578125 0.481339359375 0.554613546875 0.498209825 0.544954021875 0.4951356390625 0.52951186875 0.478117059375 0.5174994296875 0.4725185359375 0.517303925 0.43712805625 0.5171503937499999 0.43351236093749995 0.5177267453125001 0.3935068203125 0.5307753296875 0.37626196875 0.5633970484375 0.33690555624999996 0.5899372984375 0.337380690625 0.6103510046875
1 0.46585795 0.629959703125 0.48204461875 0.65716819375 0.5241341453125 0.6892477953125 0.565443009375 0.6883764546875 0.583347728125 0.7184728546875 0.5987195625 0.7281449453125 0.6593942078125 0.73026375 0.662435084375 0.7143113109375 0.6713985078125 0.7188318734375 0.6923279124999999 0.715342996875 0.694153678125 0.702006709375 0.6771286515625 0.69682508125 0.6788553859374999 0.69152495625 0.747758275 0.7241471203125001 0.8006591171874999 0.726355715625 0.8379867000000001 0.7211357609375 0.8506785593749999 0.7120028625 0.84662036875 0.6946351328125 0.8583335046875 0.6686236234375 0.8557270750000001 0.649008975 0.8827917671875 0.634872353125 0.8825864031249999 0.6260490328125 0.879505225 0.6069518656249999 0.8820224874999999 0.6018209296875 0.8817667312499999 0.590832609375 0.8750951562499999 0.579618225 0.8444985734375001 0.55865471875 0.8255160953124999 0.5197158671875 0.7596926703125 0.4875828203125 0.720286478125 0.488136990625 0.6853893875 0.5079886359375 0.5997690999999999 0.5222613125 0.48791805000000005 0.585014684375 0.46641657500000006 0.6156652546875 0.46582519843750003 0.6285526109374999 0.46585795 0.629959703125