1 0.375 0.4232421875 0.376953125 0.4037109375 0.3876953125 0.40078125 0.388671875 0.3958984375 0.373046875 0.3783203125 0.3671875 0.3568359375 0.3564453125 0.34609375 0.3232421875 0.334375 0.2880859375 0.332421875 0.1552734375 0.3421875 0.0771484375 0.3421875 0.076171875 0.3490234375 0.0859375 0.3626953125 0.095703125 0.4369140625 0.109375 0.4876953125 0.1181640625 0.50234375 0.13671875 0.5052734375 0.1689453125 0.492578125 0.3173828125 0.47109375 0.35546875 0.4447265625 0.375 0.4232421875
1 0.31640625 0.5775390625 0.3115234375 0.56484375 0.2724609375 0.547265625 0.2373046875 0.523828125 0.2099609375 0.516015625 0.1826171875 0.496484375 0.1650390625 0.496484375 0.1474609375 0.50625 0.1181640625 0.50625 0.109375 0.4896484375 0.0927734375 0.475 0.0712890625 0.476953125 0.0419921875 0.490625 0.009765625 0.5208984375 0.005859375 0.5306640625 0.0078125 0.5423828125 0.001953125 0.5482421875 0 0.5814453125 0.0107421875 0.6 0.0224609375 0.605859375 0.0361328125 0.605859375 0.0810546875 0.58046875 0.1083984375 0.5765625 0.1337890625 0.586328125 0.1533203125 0.6 0.169921875 0.6166015625 0.2041015625 0.6703125 0.24609375 0.6732421875 0.2666015625 0.664453125 0.2802734375 0.644921875 0.3046875 0.6283203125 0.31640625 0.5775390625
1 0.1103515625 0.578515625 0.0927734375 0.5765625 0.0478515625 0.6 0.0234375 0.6185546875 0.013671875 0.6615234375 0.013671875 0.6986328125 0.0234375 0.7533203125 0.0322265625 0.766015625 0.205078125 0.7650390625 0.203125 0.6849609375 0.177734375 0.6322265625 0.1455078125 0.59609375 0.1103515625 0.578515625
1 0.5712890625 0.734765625 0.6162109375 0.723046875 0.6337890625 0.709375 0.6435546875 0.707421875 0.671875 0.6830078125 0.6953125 0.6498046875 0.716796875 0.6107421875 0.716796875 0.6029296875 0.6904296875 0.594140625 0.6796875 0.5638671875 0.6611328125 0.54921875 0.6279296875 0.551171875 0.5888671875 0.539453125 0.4619140625 0.5453125 0.3603515625 0.555078125 0.3310546875 0.562890625 0.318359375 0.5794921875 0.314453125 0.5970703125 0.3125 0.6380859375 0.3203125 0.6751953125 0.353515625 0.7318359375 0.3798828125 0.762109375 0.421875 0.7611328125 0.4267578125 0.75625 0.4521484375 0.754296875 0.4912109375 0.738671875 0.5712890625 0.734765625
1 0.92578125 0.3529296875 0.8935546875 0.32265625 0.8662109375 0.320703125 0.8525390625 0.324609375 0.8408203125 0.320703125 0.83203125 0.3275390625 0.814453125 0.3724609375 0.833984375 0.4212890625 0.83984375 0.4583984375 0.84765625 0.4720703125 0.8603515625 0.480859375 0.8916015625 0.488671875 0.916015625 0.4876953125 0.92578125 0.4837890625 0.931640625 0.4564453125 0.93359375 0.3861328125 0.92578125 0.3529296875
0 0.853515625 0.6888671875 0.857421875 0.6380859375 0.8173828125 0.617578125 0.7099609375 0.63125 0.689453125 0.6693359375 0.6875 0.6810546875 0.7109375 0.7025390625 0.7275390625 0.72890625 0.763671875 0.7298828125 0.7978515625 0.723046875 0.8271484375 0.70546875 0.8447265625 0.707421875 0.853515625 0.6888671875
0 0.8046875 0.3646484375 0.7900390625 0.35 0.7626953125 0.33828125 0.7236328125 0.33828125 0.6884765625 0.35390625 0.64453125 0.3880859375 0.640625 0.4056640625 0.6455078125 0.42421875 0.6982421875 0.43984375 0.7158203125 0.449609375 0.7275390625 0.46328125 0.763671875 0.4642578125 0.7978515625 0.4515625 0.818359375 0.4291015625 0.818359375 0.3919921875 0.8046875 0.3646484375
0 0.8017578125 0.4515625 0.7607421875 0.4671875 0.7490234375 0.480859375 0.732421875 0.4876953125 0.73046875 0.4994140625 0.7333984375 0.519921875 0.7548828125 0.523828125 0.7919921875 0.539453125 0.8056640625 0.539453125 0.822265625 0.5482421875 0.845703125 0.4974609375 0.84375 0.4818359375 0.8232421875 0.433984375 0.8017578125 0.4515625
0 0.8046875 0.5560546875 0.7919921875 0.54140625 0.7431640625 0.521875 0.7294921875 0.521875 0.724609375 0.5267578125 0.720703125 0.5521484375 0.689453125 0.5775390625 0.6923828125 0.590234375 0.72265625 0.5990234375 0.716796875 0.6244140625 0.734375 0.6263671875 0.7607421875 0.625390625 0.7919921875 0.609765625 0.810546875 0.5814453125 0.8046875 0.5560546875
0 0.728515625 0.4681640625 0.7138671875 0.449609375 0.6904296875 0.437890625 0.6611328125 0.428125 0.6416015625 0.428125 0.62109375 0.4720703125 0.62109375 0.4974609375 0.615234375 0.5150390625 0.5947265625 0.5296875 0.591796875 0.5365234375 0.6259765625 0.547265625 0.6669921875 0.547265625 0.681640625 0.5580078125 0.69140625 0.5736328125 0.7119140625 0.5609375 0.72265625 0.5423828125 0.73046875 0.4974609375 0.728515625 0.4681640625
0 0.6064453125 0.521875 0.619140625 0.4994140625 0.619140625 0.4720703125 0.63671875 0.4271484375 0.63671875 0.3939453125 0.626953125 0.3666015625 0.6044921875 0.35 0.5185546875 0.33828125 0.4853515625 0.34609375 0.4716796875 0.359765625 0.4580078125 0.365625 0.4453125 0.3841796875 0.4365234375 0.387109375 0.41015625 0.4134765625 0.40234375 0.4466796875 0.380859375 0.4681640625 0.365234375 0.4935546875 0.359375 0.5189453125 0.361328125 0.5443359375 0.3681640625 0.54921875 0.396484375 0.5482421875 0.4560546875 0.5453125 0.4697265625 0.539453125 0.5810546875 0.5375 0.6064453125 0.521875
1 0.3935546875 0.4359375 0.3701171875 0.428125 0.3427734375 0.457421875 0.3212890625 0.47109375 0.2646484375 0.480859375 0.23828125 0.5072265625 0.2412109375 0.523828125 0.2802734375 0.54921875 0.3095703125 0.562890625 0.322265625 0.5638671875 0.35546875 0.5482421875 0.361328125 0.4896484375 0.3984375 0.4447265625 0.3935546875 0.4359375