1 0.72265625 0.3060546875 0.716796875 0.2923828125 0.7021484375 0.27578125 0.6806640625 0.26796875 0.6181640625 0.2640625 0.5966796875 0.273828125 0.583984375 0.2904296875 0.568359375 0.3412109375 0.568359375 0.4095703125 0.572265625 0.4173828125 0.5966796875 0.426171875 0.7109375 0.4291015625 0.71875 0.4193359375 0.720703125 0.4037109375 0.716796875 0.3529296875 0.72265625 0.3060546875
1 0.8623046875 0.49453125 0.8779296875 0.4984375 0.88671875 0.4896484375 0.896484375 0.4740234375 0.896484375 0.4662109375 0.9140625 0.4466796875 0.9140625 0.4310546875 0.9013671875 0.422265625 0.8818359375 0.422265625 0.8408203125 0.402734375 0.7880859375 0.40859375 0.7734375 0.4271484375 0.76953125 0.4466796875 0.740234375 0.4955078125 0.73828125 0.5130859375 0.8037109375 0.523828125 0.837890625 0.5228515625 0.849609375 0.5169921875 0.845703125 0.5091796875 0.8486328125 0.500390625 0.8623046875 0.49453125
1 0.73828125 0.5833984375 0.736328125 0.5013671875 0.7265625 0.4486328125 0.7138671875 0.43203125 0.6455078125 0.43203125 0.64453125 0.4525390625 0.6376953125 0.46328125 0.6181640625 0.46328125 0.6015625 0.4447265625 0.603515625 0.4388671875 0.5986328125 0.43203125 0.5673828125 0.43203125 0.552734375 0.4525390625 0.546875 0.4779296875 0.552734375 0.4994140625 0.5771484375 0.492578125 0.5986328125 0.492578125 0.6142578125 0.500390625 0.62890625 0.5130859375 0.63671875 0.5326171875 0.658203125 0.5521484375 0.666015625 0.5716796875 0.6640625 0.5873046875 0.654296875 0.6048828125 0.6298828125 0.62734375 0.578125 0.6595703125 0.578125 0.7083984375 0.591796875 0.7201171875 0.6943359375 0.668359375 0.7255859375 0.648828125 0.744140625 0.6283203125 0.73828125 0.5833984375
1 0.3525390625 0.621484375 0.3310546875 0.629296875 0.27734375 0.6830078125 0.279296875 0.7279296875 0.2841796875 0.7328125 0.3740234375 0.742578125 0.4287109375 0.76015625 0.521484375 0.7630859375 0.537109375 0.7123046875 0.541015625 0.6751953125 0.4892578125 0.63125 0.3525390625 0.621484375
1 0.1875 0.3021484375 0.1875 0.2943359375 0.169921875 0.2611328125 0.1533203125 0.2484375 0.1142578125 0.242578125 0.0830078125 0.25234375 0.0478515625 0.271875 0.02734375 0.2943359375 0.01953125 0.3099609375 0.0234375 0.3314453125 0.017578125 0.3392578125 0.015625 0.3548828125 0.0263671875 0.36953125 0.033203125 0.3705078125 0.0810546875 0.348046875 0.1279296875 0.33828125 0.1650390625 0.336328125 0.1875 0.3021484375
1 0.2919921875 0.34609375 0.306640625 0.3314453125 0.296875 0.2845703125 0.287109375 0.2650390625 0.2744140625 0.250390625 0.2587890625 0.242578125 0.2373046875 0.246484375 0.22265625 0.2572265625 0.1875 0.3041015625 0.166015625 0.3509765625 0.166015625 0.3724609375 0.1875 0.4173828125 0.189453125 0.4349609375 0.2001953125 0.441796875 0.212890625 0.4427734375 0.22265625 0.4330078125 0.255859375 0.3705078125 0.2705078125 0.35390625 0.2919921875 0.34609375
1 0.29296875 0.2455078125 0.30078125 0.2669921875 0.2939453125 0.2640625 0.29296875 0.2689453125 0.296875 0.2728515625 0.302734375 0.3158203125 0.3095703125 0.328515625 0.322265625 0.3275390625 0.4365234375 0.246484375 0.443359375 0.2337890625 0.2978515625 0.2328125 0.29296875 0.2455078125
1 0.5380859375 0.445703125 0.5205078125 0.44765625 0.4912109375 0.465234375 0.4423828125 0.4671875 0.4375 0.4720703125 0.4375 0.4916015625 0.4541015625 0.50625 0.4736328125 0.5140625 0.48046875 0.5384765625 0.490234375 0.5384765625 0.548828125 0.5052734375 0.544921875 0.4876953125 0.546875 0.4642578125 0.5380859375 0.445703125
1 0.548828125 0.2767578125 0.552734375 0.3021484375 0.576171875 0.3119140625 0.583984375 0.2884765625 0.5986328125 0.271875 0.6220703125 0.262109375 0.6669921875 0.26796875 0.666015625 0.2591796875 0.6435546875 0.2328125 0.5302734375 0.2328125 0.529296875 0.2416015625 0.548828125 0.2767578125
1 0.7490234375 0.43203125 0.73046875 0.4603515625 0.734375 0.4955078125 0.73828125 0.4974609375 0.765625 0.4525390625 0.76953125 0.4349609375 0.7666015625 0.42421875 0.7490234375 0.43203125
1 0.7998046875 0.521875 0.7431640625 0.51796875 0.73828125 0.5228515625 0.740234375 0.5853515625 0.7451171875 0.590234375 0.7578125 0.5892578125 0.7802734375 0.578515625 0.8203125 0.5775390625 0.822265625 0.5580078125 0.7998046875 0.521875
1 0.7255859375 0.3265625 0.720703125 0.3412109375 0.71875 0.4271484375 0.744140625 0.4271484375 0.771484375 0.3607421875 0.771484375 0.3451171875 0.7529296875 0.332421875 0.7255859375 0.3265625
1 0.65234375 0.2337890625 0.6708984375 0.2640625 0.7021484375 0.273828125 0.716796875 0.2904296875 0.7255859375 0.32265625 0.7607421875 0.336328125 0.7734375 0.3353515625 0.791015625 0.3216796875 0.7890625 0.2513671875 0.7841796875 0.2328125 0.65234375 0.2337890625
1 0.6640625 0.5677734375 0.65625 0.5541015625 0.63671875 0.5365234375 0.626953125 0.5130859375 0.6005859375 0.49453125 0.5693359375 0.496484375 0.5205078125 0.521875 0.4853515625 0.543359375 0.47265625 0.5658203125 0.46875 0.5931640625 0.482421875 0.6146484375 0.5341796875 0.66640625 0.5546875 0.6712890625 0.6298828125 0.625390625 0.65234375 0.6048828125 0.662109375 0.5853515625 0.6640625 0.5677734375
0 0.38671875 0.4193359375 0.390625 0.4017578125 0.384765625 0.3841796875 0.3662109375 0.367578125 0.3212890625 0.35 0.2900390625 0.348046875 0.2783203125 0.351953125 0.255859375 0.3744140625 0.19921875 0.4759765625 0.197265625 0.4974609375 0.203125 0.5208984375 0.2138671875 0.531640625 0.3037109375 0.547265625 0.326171875 0.5462890625 0.33984375 0.5404296875 0.34765625 0.4955078125 0.359375 0.4603515625 0.38671875 0.4193359375
0 0.16796875 0.3880859375 0.1533203125 0.3421875 0.1298828125 0.340234375 0.0888671875 0.348046875 0.0458984375 0.365625 0.021484375 0.3861328125 0.0078125 0.4134765625 0.01171875 0.4427734375 0.02734375 0.4818359375 0.0458984375 0.496484375 0.056640625 0.4955078125 0.1181640625 0.465234375 0.177734375 0.4486328125 0.185546875 0.4193359375 0.16796875 0.3880859375
0 0.568359375 0.3978515625 0.56640625 0.3490234375 0.5537109375 0.334375 0.52734375 0.3197265625 0.5205078125 0.2875 0.4970703125 0.29921875 0.46875 0.3275390625 0.46484375 0.3451171875 0.4599609375 0.348046875 0.462890625 0.3392578125 0.4580078125 0.33828125 0.4423828125 0.351953125 0.435546875 0.3666015625 0.4287109375 0.367578125 0.427734375 0.3744140625 0.4169921875 0.38515625 0.4130859375 0.383203125 0.4091796875 0.391015625 0.4052734375 0.3890625 0.390625 0.4115234375 0.388671875 0.4369140625 0.3994140625 0.4515625 0.4462890625 0.465234375 0.47265625 0.4662109375 0.5087890625 0.45546875 0.5439453125 0.422265625 0.5556640625 0.418359375 0.568359375 0.3978515625
1 0.3720703125 0.312890625 0.3623046875 0.308984375 0.3486328125 0.3109375 0.3046875 0.3373046875 0.3076171875 0.34609375 0.37109375 0.3646484375 0.376953125 0.3626953125 0.380859375 0.3470703125 0.392578125 0.3314453125 0.3720703125 0.312890625
0 0.3916015625 0.33046875 0.3828125 0.3412109375 0.37890625 0.3685546875 0.400390625 0.3880859375 0.431640625 0.3568359375 0.43359375 0.3470703125 0.4248046875 0.332421875 0.3916015625 0.33046875
1 0.4697265625 0.24453125 0.4404296875 0.24453125 0.359375 0.3060546875 0.3935546875 0.328515625 0.431640625 0.3294921875 0.4755859375 0.316796875 0.486328125 0.3060546875 0.484375 0.2591796875 0.4697265625 0.24453125
0 0.474609375 0.5189453125 0.4384765625 0.496484375 0.4228515625 0.496484375 0.4111328125 0.50234375 0.3662109375 0.54140625 0.3486328125 0.551171875 0.3359375 0.5755859375 0.3359375 0.5892578125 0.3447265625 0.6 0.3896484375 0.61953125 0.419921875 0.6185546875 0.4404296875 0.609765625 0.466796875 0.5853515625 0.4765625 0.5521484375 0.474609375 0.5189453125
0 0.29296875 0.2337890625 0.177734375 0.2337890625 0.1875 0.2416015625 0.185546875 0.2572265625 0.1904296875 0.262109375 0.21484375 0.2630859375 0.2314453125 0.2484375 0.2509765625 0.240625 0.2841796875 0.250390625 0.29296875 0.2337890625
0 0.5302734375 0.25234375 0.5068359375 0.254296875 0.4912109375 0.250390625 0.486328125 0.2572265625 0.48828125 0.3001953125 0.5224609375 0.28359375 0.529296875 0.3119140625 0.533203125 0.3138671875 0.55078125 0.3041015625 0.548828125 0.2806640625 0.537109375 0.2591796875 0.5302734375 0.25234375