0 0.48828125 0.5384765625 0.490234375 0.4955078125 0.486328125 0.4818359375 0.48046875 0.4662109375 0.4716796875 0.461328125 0.4560546875 0.46328125 0.4228515625 0.480859375 0.3994140625 0.480859375 0.3798828125 0.46328125 0.3515625 0.4935546875 0.3359375 0.5208984375 0.341796875 0.5833984375 0.3642578125 0.6078125 0.38671875 0.6224609375 0.388671875 0.6478515625 0.3974609375 0.6703125 0.451171875 0.6751953125 0.474609375 0.6556640625 0.482421875 0.6380859375 0.478515625 0.5833984375 0.48828125 0.5384765625
0 0.5869140625 0.50625 0.5537109375 0.48671875 0.5283203125 0.48671875 0.5009765625 0.49453125 0.490234375 0.5150390625 0.486328125 0.5560546875 0.486328125 0.5814453125 0.49609375 0.5990234375 0.5126953125 0.609765625 0.5419921875 0.609765625 0.5615234375 0.6234375 0.587890625 0.6224609375 0.6171875 0.6009765625 0.615234375 0.5521484375 0.603515625 0.5228515625 0.5869140625 0.50625
0 0.4921875 0.3666015625 0.490234375 0.3451171875 0.46875 0.2787109375 0.4462890625 0.266015625 0.3916015625 0.2796875 0.390625 0.2943359375 0.365234375 0.3294921875 0.357421875 0.3509765625 0.380859375 0.4583984375 0.4013671875 0.47890625 0.421875 0.4779296875 0.4462890625 0.465234375 0.45703125 0.4525390625 0.486328125 0.3978515625 0.4921875 0.3666015625
0 0.853515625 0.4583984375 0.8359375 0.4154296875 0.8271484375 0.40859375 0.8115234375 0.4046875 0.7900390625 0.40859375 0.7529296875 0.437890625 0.7314453125 0.44765625 0.708984375 0.4798828125 0.701171875 0.5111328125 0.701171875 0.5677734375 0.7197265625 0.5921875 0.748046875 0.5951171875 0.7685546875 0.58828125 0.7958984375 0.566796875 0.85546875 0.4935546875 0.853515625 0.4583984375
0 1 0.3919921875 0.9716796875 0.3578125 0.9501953125 0.344140625 0.9189453125 0.35 0.908203125 0.3607421875 0.890625 0.3939453125 0.900390625 0.4408203125 0.9384765625 0.46328125 0.98046875 0.4662109375 1 0.4642578125 1 0.3919921875
0 0.1923828125 0.453515625 0.16796875 0.4681640625 0.15234375 0.4955078125 0.1484375 0.5287109375 0.15625 0.5560546875 0.162109375 0.6439453125 0.1728515625 0.65078125 0.263671875 0.6595703125 0.26953125 0.6341796875 0.248046875 0.4876953125 0.2294921875 0.465234375 0.1923828125 0.453515625
0 0 0.6400390625 0.14453125 0.6439453125 0.158203125 0.6419921875 0.15234375 0.6361328125 0.16015625 0.6009765625 0.134765625 0.4974609375 0.13671875 0.4681640625 0.130859375 0.4232421875 0.12109375 0.3841796875 0.1103515625 0.371484375 0.0986328125 0.387109375 0.0859375 0.3919921875 0.0859375 0.4251953125 0.080078125 0.4330078125 0.0419921875 0.459375 0.037109375 0.4720703125 0 0.5130859375 0 0.6400390625
1 0.115234375 0.2513671875 0.107421875 0.2943359375 0.11328125 0.3119140625 0.16796875 0.3783203125 0.181640625 0.4173828125 0.171875 0.4505859375 0.1767578125 0.457421875 0.2041015625 0.4515625 0.23828125 0.4623046875 0.25 0.4427734375 0.236328125 0.4388671875 0.25390625 0.4349609375 0.2509765625 0.428125 0.240234375 0.4271484375 0.24609375 0.4076171875 0.283203125 0.3509765625 0.33203125 0.2982421875 0.333984375 0.2826171875 0.2626953125 0.2171875 0.1435546875 0.2171875 0.1337890625 0.22109375 0.115234375 0.2513671875
1 0.35546875 0.3685546875 0.361328125 0.3216796875 0.3544921875 0.3109375 0.3388671875 0.308984375 0.287109375 0.3490234375 0.263671875 0.3861328125 0.28515625 0.4095703125 0.294921875 0.4525390625 0.33203125 0.5111328125 0.33984375 0.5072265625 0.3515625 0.4857421875 0.375 0.4623046875 0.35546875 0.3685546875
1 0.7841796875 0.3265625 0.802734375 0.3099609375 0.802734375 0.2982421875 0.765625 0.2533203125 0.7509765625 0.22109375 0.7373046875 0.2171875 0.59375 0.2181640625 0.59765625 0.2474609375 0.646484375 0.3373046875 0.650390625 0.3822265625 0.6640625 0.3861328125 0.7021484375 0.3734375 0.7158203125 0.359765625 0.7724609375 0.328515625 0.7841796875 0.3265625
1 0.9423828125 0.230859375 0.9130859375 0.2171875 0.76171875 0.2181640625 0.759765625 0.2279296875 0.76953125 0.2533203125 0.78515625 0.2689453125 0.8076171875 0.305078125 0.8974609375 0.30703125 0.91015625 0.3138671875 0.91015625 0.3392578125 0.91796875 0.3392578125 0.9345703125 0.336328125 0.96875 0.3021484375 0.97265625 0.2630859375 0.9423828125 0.230859375
1 0.7841796875 0.328515625 0.7294921875 0.351953125 0.7001953125 0.37734375 0.669921875 0.3900390625 0.669921875 0.3978515625 0.689453125 0.4291015625 0.7021484375 0.43203125 0.7158203125 0.449609375 0.724609375 0.4505859375 0.7666015625 0.42421875 0.791015625 0.4017578125 0.79296875 0.3470703125 0.7841796875 0.328515625