1 0.4931640625 0.608203125 0.5 0.6052734375 0.501953125 0.5916015625 0.494140625 0.5154296875 0.49609375 0.4021484375 0.4853515625 0.381640625 0.4521484375 0.366015625 0.4345703125 0.3640625 0.3330078125 0.393359375 0.2431640625 0.3953125 0.2119140625 0.4109375 0.1728515625 0.440234375 0.1650390625 0.440234375 0.150390625 0.4529296875 0.1435546875 0.465625 0.1318359375 0.465625 0.123046875 0.4861328125 0.107421875 0.4978515625 0.09765625 0.5271484375 0.10546875 0.5447265625 0.109375 0.5701171875 0.1552734375 0.6296875 0.1904296875 0.63359375 0.2138671875 0.647265625 0.2275390625 0.64921875 0.29296875 0.6482421875 0.4033203125 0.635546875 0.4580078125 0.619921875 0.4814453125 0.60234375 0.4931640625 0.608203125
1 0.3369140625 0.393359375 0.3642578125 0.381640625 0.4111328125 0.369921875 0.416015625 0.3591796875 0.408203125 0.3455078125 0.3955078125 0.334765625 0.3115234375 0.3328125 0.2685546875 0.342578125 0.2451171875 0.35625 0.2177734375 0.3796875 0.1630859375 0.4109375 0.138671875 0.4392578125 0.1328125 0.4568359375 0.111328125 0.4861328125 0.111328125 0.4919921875 0.115234375 0.4919921875 0.1962890625 0.424609375 0.2470703125 0.3953125 0.2939453125 0.397265625 0.3369140625 0.393359375
1 0.12109375 0.4568359375 0.1044921875 0.434375 0.0478515625 0.432421875 0.0263671875 0.436328125 0.0078125 0.4509765625 0 0.4783203125 0.0029296875 0.5046875 0.0185546875 0.5125 0.0498046875 0.510546875 0.08984375 0.5212890625 0.095703125 0.5193359375 0.109375 0.4861328125 0.12109375 0.4705078125 0.12109375 0.4568359375
1 0.875 0.5232421875 0.873046875 0.5056640625 0.865234375 0.4978515625 0.869140625 0.4646484375 0.86328125 0.4412109375 0.845703125 0.4138671875 0.7998046875 0.3640625 0.7763671875 0.36015625 0.7236328125 0.3796875 0.7041015625 0.397265625 0.666015625 0.4216796875 0.66796875 0.4392578125 0.697265625 0.4666015625 0.708984375 0.4841796875 0.7470703125 0.518359375 0.7861328125 0.53203125 0.82421875 0.5310546875 0.8310546875 0.528125 0.8583984375 0.530078125 0.8701171875 0.528125 0.875 0.5232421875
1 0.720703125 0.2986328125 0.697265625 0.3005859375 0.697265625 0.3064453125 0.708984375 0.3181640625 0.7109375 0.3455078125 0.7197265625 0.354296875 0.7314453125 0.35234375 0.7431640625 0.34453125 0.7822265625 0.342578125 0.8349609375 0.3484375 0.8466796875 0.354296875 0.8828125 0.3552734375 0.9052734375 0.330859375 0.91796875 0.3259765625 0.91796875 0.3181640625 0.908203125 0.3025390625 0.908203125 0.2869140625 0.921875 0.2751953125 0.92578125 0.2634765625 0.9091796875 0.246875 0.7333984375 0.246875 0.716796875 0.2654296875 0.720703125 0.2986328125
1 0.6650390625 0.43828125 0.6259765625 0.436328125 0.6171875 0.4529296875 0.619140625 0.4783203125 0.64453125 0.5173828125 0.6572265625 0.52421875 0.6728515625 0.54375 0.6796875 0.5447265625 0.705078125 0.5095703125 0.70703125 0.4841796875 0.693359375 0.4646484375 0.6650390625 0.43828125
1 0.78515625 0.5525390625 0.7802734375 0.537890625 0.7587890625 0.530078125 0.7314453125 0.510546875 0.7099609375 0.514453125 0.68359375 0.5427734375 0.6875 0.5583984375 0.705078125 0.5740234375 0.712890625 0.5876953125 0.708984375 0.6228515625 0.720703125 0.6248046875 0.7431640625 0.61796875 0.75390625 0.6072265625 0.76953125 0.5857421875 0.78515625 0.5525390625
1 0.8984375 0.5662109375 0.8984375 0.5544921875 0.8779296875 0.530078125 0.8349609375 0.530078125 0.8017578125 0.5359375 0.78125 0.5603515625 0.77734375 0.5759765625 0.7578125 0.6052734375 0.7626953125 0.61015625 0.775390625 0.6091796875 0.8173828125 0.5984375 0.8408203125 0.58671875 0.8837890625 0.576953125 0.8984375 0.5662109375
0 0.640625 0.5173828125 0.611328125 0.4822265625 0.6015625 0.4587890625 0.583984375 0.4099609375 0.583984375 0.3650390625 0.5791015625 0.36015625 0.5615234375 0.36015625 0.5302734375 0.377734375 0.49609375 0.3884765625 0.49609375 0.5017578125 0.501953125 0.5779296875 0.5048828125 0.5828125 0.5166015625 0.584765625 0.59375 0.5837890625 0.638671875 0.5544921875 0.642578125 0.5447265625 0.638671875 0.5291015625 0.640625 0.5173828125
0 0.712890625 0.5916015625 0.70703125 0.5779296875 0.6513671875 0.526171875 0.642578125 0.5271484375 0.64453125 0.5408203125 0.640625 0.5564453125 0.6279296875 0.5671875 0.6123046875 0.573046875 0.5947265625 0.58671875 0.5771484375 0.584765625 0.5615234375 0.588671875 0.55078125 0.6033203125 0.55078125 0.6111328125 0.5673828125 0.64140625 0.615234375 0.6482421875 0.6962890625 0.631640625 0.708984375 0.6228515625 0.70703125 0.6169921875 0.712890625 0.5916015625
1 0.1015625 0.5388671875 0.0849609375 0.5203125 0.0693359375 0.5125 0.0185546875 0.5125 0.0009765625 0.5046875 0 0.5486328125 0.015625 0.6111328125 0.015625 0.6208984375 0.009765625 0.6306640625 0.013671875 0.6423828125 0.013671875 0.6716796875 0.0185546875 0.684375 0.033203125 0.6833984375 0.1259765625 0.6609375 0.150390625 0.6384765625 0.10546875 0.5662109375 0.1015625 0.5388671875