0 0.533203125 0.5224609375 0.533203125 0.4912109375 0.546875 0.4482421875 0.5625 0.4306640625 0.57421875 0.4052734375 0.572265625 0.3916015625 0.5615234375 0.384765625 0.5556640625 0.384765625 0.5517578125 0.390625 0.5478515625 0.384765625 0.546875 0.3916015625 0.55078125 0.3955078125 0.541015625 0.4013671875 0.541015625 0.4072265625 0.5224609375 0.4140625 0.5009765625 0.435546875 0.4912109375 0.4375 0.4814453125 0.4296875 0.4638671875 0.431640625 0.4501953125 0.44921875 0.4365234375 0.453125 0.42578125 0.4619140625 0.416015625 0.4755859375 0.408203125 0.4990234375 0.40625 0.5224609375 0.412109375 0.5498046875 0.4140625 0.6005859375 0.4619140625 0.62890625 0.5 0.6337890625 0.5087890625 0.630859375 0.52734375 0.6083984375 0.525390625 0.5595703125 0.533203125 0.5224609375
0 0.435546875 0.3505859375 0.43359375 0.3193359375 0.4169921875 0.30859375 0.3642578125 0.298828125 0.330078125 0.3193359375 0.33203125 0.3935546875 0.3369140625 0.40625 0.3564453125 0.408203125 0.3759765625 0.431640625 0.384765625 0.4306640625 0.4365234375 0.400390625 0.443359375 0.3916015625 0.443359375 0.3798828125 0.435546875 0.3505859375
0 0.658203125 0.3193359375 0.6171875 0.2626953125 0.6123046875 0.259765625 0.5322265625 0.259765625 0.5185546875 0.265625 0.4921875 0.3037109375 0.4921875 0.3310546875 0.501953125 0.3583984375 0.5087890625 0.365234375 0.5361328125 0.37109375 0.5751953125 0.390625 0.6171875 0.3935546875 0.6396484375 0.3828125 0.666015625 0.3564453125 0.666015625 0.3349609375 0.658203125 0.3193359375
0 0.7177734375 0.44921875 0.697265625 0.4404296875 0.681640625 0.4072265625 0.67578125 0.3740234375 0.6669921875 0.36328125 0.6572265625 0.365234375 0.6357421875 0.388671875 0.6123046875 0.3984375 0.5927734375 0.400390625 0.57421875 0.4150390625 0.560546875 0.4365234375 0.5625 0.4501953125 0.5810546875 0.46484375 0.5927734375 0.48046875 0.6279296875 0.501953125 0.658203125 0.5048828125 0.6669921875 0.50390625 0.6865234375 0.4921875 0.71875 0.4580078125 0.7177734375 0.44921875
0 0.86328125 0.4091796875 0.83984375 0.3701171875 0.8173828125 0.34375 0.8076171875 0.337890625 0.7939453125 0.337890625 0.791015625 0.3427734375 0.80078125 0.3603515625 0.796875 0.3876953125 0.77734375 0.4248046875 0.759765625 0.4482421875 0.7783203125 0.4609375 0.8046875 0.4619140625 0.8583984375 0.451171875 0.8671875 0.4462890625 0.869140625 0.4345703125 0.86328125 0.4091796875
0 0.85546875 0.2919921875 0.8369140625 0.259765625 0.7333984375 0.259765625 0.708984375 0.2841796875 0.70703125 0.2919921875 0.71484375 0.2998046875 0.7236328125 0.326171875 0.7509765625 0.330078125 0.7685546875 0.337890625 0.79296875 0.3369140625 0.8369140625 0.328125 0.853515625 0.3173828125 0.857421875 0.3037109375 0.85546875 0.2919921875
0 0.40234375 0.5244140625 0.396484375 0.5283203125 0.3876953125 0.560546875 0.3642578125 0.55859375 0.3427734375 0.5390625 0.3291015625 0.53515625 0.326171875 0.5654296875 0.33203125 0.5888671875 0.3623046875 0.611328125 0.38671875 0.6103515625 0.3994140625 0.60546875 0.40625 0.5966796875 0.40625 0.5419921875 0.40234375 0.5244140625
0 0.62890625 0.5087890625 0.6103515625 0.4921875 0.5791015625 0.4765625 0.5419921875 0.486328125 0.53515625 0.4970703125 0.53125 0.5458984375 0.537109375 0.5693359375 0.5556640625 0.58203125 0.5791015625 0.58203125 0.5966796875 0.591796875 0.61328125 0.5908203125 0.6259765625 0.5859375 0.640625 0.5693359375 0.638671875 0.5439453125 0.62890625 0.5087890625
1 0.931640625 0.3388671875 0.9375 0.3232421875 0.935546875 0.3095703125 0.9228515625 0.298828125 0.8642578125 0.302734375 0.857421875 0.3115234375 0.857421875 0.3193359375 0.837890625 0.3330078125 0.841796875 0.3662109375 0.8740234375 0.419921875 0.8818359375 0.421875 0.8916015625 0.41796875 0.9072265625 0.4296875 0.9140625 0.4287109375 0.919921875 0.4228515625 0.919921875 0.4072265625 0.9296875 0.3876953125 0.931640625 0.3388671875
1 0.798828125 0.3759765625 0.798828125 0.3564453125 0.7880859375 0.34375 0.7548828125 0.333984375 0.7080078125 0.330078125 0.685546875 0.3486328125 0.681640625 0.3583984375 0.6796875 0.3837890625 0.68359375 0.4072265625 0.7060546875 0.44140625 0.7158203125 0.443359375 0.7275390625 0.455078125 0.734375 0.4541015625 0.7431640625 0.447265625 0.7548828125 0.4453125 0.779296875 0.4189453125 0.798828125 0.3759765625
1 0.697265625 0.2626953125 0.6708984375 0.2578125 0.6220703125 0.259765625 0.619140625 0.2646484375 0.62890625 0.2802734375 0.658203125 0.3154296875 0.66796875 0.3349609375 0.66796875 0.3525390625 0.671875 0.3603515625 0.677734375 0.3623046875 0.697265625 0.3271484375 0.693359375 0.3076171875 0.69921875 0.2900390625 0.697265625 0.2626953125
1 0.408203125 0.4794921875 0.388671875 0.4580078125 0.3603515625 0.4140625 0.3251953125 0.4140625 0.30859375 0.4287109375 0.30078125 0.4560546875 0.3125 0.4873046875 0.314453125 0.5166015625 0.3232421875 0.529296875 0.3408203125 0.53515625 0.3681640625 0.55859375 0.384765625 0.5595703125 0.390625 0.5537109375 0.390625 0.5419921875 0.40234375 0.5146484375 0.408203125 0.4794921875
1 0.326171875 0.3681640625 0.328125 0.3193359375 0.3193359375 0.30859375 0.2763671875 0.3125 0.2578125 0.3349609375 0.265625 0.3837890625 0.265625 0.4189453125 0.2705078125 0.427734375 0.279296875 0.4267578125 0.3134765625 0.41796875 0.330078125 0.4033203125 0.330078125 0.3759765625 0.326171875 0.3681640625
1 0.2431640625 0.484375 0.2099609375 0.48046875 0.189453125 0.5185546875 0.1875 0.5595703125 0.1796875 0.6025390625 0.2138671875 0.609375 0.23828125 0.6083984375 0.2421875 0.5908203125 0.255859375 0.5654296875 0.255859375 0.5146484375 0.2431640625 0.484375
1 0.224609375 0.3330078125 0.236328125 0.2998046875 0.2509765625 0.283203125 0.265625 0.2763671875 0.26953125 0.2646484375 0.2666015625 0.26171875 0.1572265625 0.259765625 0.150390625 0.2646484375 0.14453125 0.2998046875 0.140625 0.3935546875 0.1513671875 0.3984375 0.177734375 0.3974609375 0.1923828125 0.396484375 0.2041015625 0.390625 0.22265625 0.3740234375 0.224609375 0.3330078125
1 0.1435546875 0.26171875 0.0615234375 0.259765625 0.044921875 0.2744140625 0.033203125 0.2978515625 0.02734375 0.3544921875 0.0390625 0.3759765625 0.05859375 0.4619140625 0.064453125 0.4658203125 0.0830078125 0.45703125 0.107421875 0.4345703125 0.138671875 0.3857421875 0.1435546875 0.26171875