1 0.62109375 0.6029296875 0.650390625 0.5658203125 0.65234375 0.5345703125 0.6484375 0.5228515625 0.6220703125 0.496484375 0.6025390625 0.484765625 0.5693359375 0.475 0.5205078125 0.475 0.486328125 0.4994140625 0.484375 0.5052734375 0.4970703125 0.508203125 0.505859375 0.5189453125 0.51171875 0.5873046875 0.48828125 0.6439453125 0.4375 0.7103515625 0.4482421875 0.7171875 0.482421875 0.7162109375 0.5263671875 0.709375 0.5439453125 0.7015625 0.6171875 0.6146484375 0.62109375 0.6029296875
1 0.51171875 0.5794921875 0.50390625 0.5189453125 0.4951171875 0.51015625 0.4658203125 0.50234375 0.4189453125 0.50625 0.3935546875 0.523828125 0.380859375 0.5443359375 0.375 0.5697265625 0.34375 0.6380859375 0.341796875 0.6869140625 0.3564453125 0.709375 0.3857421875 0.719140625 0.404296875 0.7181640625 0.4365234375 0.709375 0.45703125 0.6888671875 0.501953125 0.6126953125 0.51171875 0.5794921875
1 0.22265625 0.6185546875 0.2109375 0.5736328125 0.23828125 0.5267578125 0.2373046875 0.519921875 0.1943359375 0.52578125 0.1767578125 0.535546875 0.138671875 0.5931640625 0.109375 0.6205078125 0.0859375 0.6556640625 0.083984375 0.6869140625 0.0947265625 0.69765625 0.1591796875 0.709375 0.2109375 0.7123046875 0.302734375 0.6341796875 0.2978515625 0.629296875 0.2529296875 0.633203125 0.22265625 0.6185546875
1 0.193359375 0.5228515625 0.193359375 0.5013671875 0.1455078125 0.44375 0.1201171875 0.43984375 0.12109375 0.4486328125 0.1328125 0.4544921875 0.1201171875 0.45546875 0.109375 0.4486328125 0.1103515625 0.441796875 0.0498046875 0.43203125 0.021484375 0.4623046875 0.0078125 0.4916015625 0.009765625 0.5619140625 0.0390625 0.6244140625 0.0712890625 0.64296875 0.08984375 0.6419921875 0.119140625 0.6048828125 0.134765625 0.5951171875 0.16796875 0.5443359375 0.193359375 0.5228515625
1 0.7880859375 0.441796875 0.802734375 0.4291015625 0.810546875 0.3998046875 0.763671875 0.3138671875 0.744140625 0.2845703125 0.7236328125 0.26796875 0.6826171875 0.289453125 0.6220703125 0.2953125 0.6015625 0.3041015625 0.615234375 0.3197265625 0.6328125 0.3607421875 0.654296875 0.3900390625 0.69140625 0.4662109375 0.69921875 0.4720703125 0.7294921875 0.45546875 0.7529296875 0.453515625 0.7646484375 0.445703125 0.7880859375 0.441796875
1 0.7470703125 0.5453125 0.7177734375 0.543359375 0.724609375 0.5482421875 0.71875 0.5638671875 0.7265625 0.5833984375 0.7265625 0.6068359375 0.7763671875 0.625390625 0.80859375 0.6498046875 0.814453125 0.6087890625 0.806640625 0.5658203125 0.7626953125 0.555078125 0.7470703125 0.5453125
0 0.3642578125 0.715234375 0.34375 0.6966796875 0.337890625 0.6634765625 0.34375 0.6341796875 0.3369140625 0.62734375 0.3095703125 0.637109375 0.2802734375 0.656640625 0.2431640625 0.6859375 0.220703125 0.7123046875 0.2275390625 0.72109375 0.2451171875 0.725 0.416015625 0.7494140625 0.419921875 0.7396484375 0.4169921875 0.719140625 0.3955078125 0.72109375 0.3642578125 0.715234375
0 0.4130859375 0.50625 0.4384765625 0.4984375 0.462890625 0.4681640625 0.47265625 0.4349609375 0.4560546875 0.4125 0.4365234375 0.402734375 0.3837890625 0.402734375 0.3505859375 0.39296875 0.3095703125 0.402734375 0.294921875 0.4134765625 0.22265625 0.5658203125 0.22265625 0.6048828125 0.23046875 0.6205078125 0.2509765625 0.63125 0.2734375 0.6302734375 0.3408203125 0.6234375 0.349609375 0.6185546875 0.38671875 0.5267578125 0.4130859375 0.50625
0 0.6044921875 0.3109375 0.5517578125 0.303125 0.5068359375 0.31875 0.4873046875 0.31875 0.4775390625 0.32265625 0.4453125 0.3607421875 0.4375 0.3783203125 0.439453125 0.3998046875 0.46875 0.4232421875 0.4765625 0.4408203125 0.474609375 0.4662109375 0.46484375 0.4818359375 0.4677734375 0.490625 0.4716796875 0.4828125 0.4736328125 0.490625 0.4775390625 0.4828125 0.4814453125 0.488671875 0.4912109375 0.480859375 0.5244140625 0.47109375 0.5751953125 0.473046875 0.6083984375 0.480859375 0.6474609375 0.51796875 0.6728515625 0.516015625 0.689453125 0.5208984375 0.697265625 0.5072265625 0.693359375 0.4759765625 0.650390625 0.3880859375 0.6044921875 0.3109375
0 0.42578125 0.3021484375 0.423828125 0.2826171875 0.40625 0.2435546875 0.3955078125 0.2328125 0.3583984375 0.21328125 0.3486328125 0.2015625 0.3291015625 0.19375 0.3076171875 0.2015625 0.275390625 0.2318359375 0.2578125 0.2591796875 0.248046875 0.2865234375 0.267578125 0.2943359375 0.263671875 0.3041015625 0.2666015625 0.31484375 0.2978515625 0.316796875 0.30859375 0.3236328125 0.3046875 0.3470703125 0.279296875 0.3783203125 0.3115234375 0.3890625 0.33984375 0.3880859375 0.3583984375 0.38515625 0.3896484375 0.367578125 0.421875 0.3236328125 0.42578125 0.3021484375
0 0.2822265625 0.387109375 0.2587890625 0.375390625 0.2412109375 0.375390625 0.2021484375 0.39296875 0.146484375 0.4291015625 0.150390625 0.4427734375 0.2041015625 0.51015625 0.244140625 0.5111328125 0.259765625 0.4876953125 0.28515625 0.4232421875 0.3134765625 0.391015625 0.2822265625 0.387109375
0 0.49609375 0.2357421875 0.5126953125 0.25234375 0.5498046875 0.273828125 0.5576171875 0.297265625 0.595703125 0.2982421875 0.6845703125 0.285546875 0.7109375 0.2689453125 0.669921875 0.1751953125 0.6650390625 0.1703125 0.4970703125 0.1703125 0.490234375 0.1830078125 0.49609375 0.2357421875
0 0.306640625 0.2025390625 0.3115234375 0.215234375 0.3544921875 0.211328125 0.3818359375 0.225 0.40625 0.2435546875 0.427734375 0.2728515625 0.4521484375 0.2484375 0.494140625 0.2416015625 0.4873046875 0.1703125 0.3603515625 0.1703125 0.3310546875 0.191796875 0.306640625 0.2025390625
0 0.4873046875 0.316796875 0.5107421875 0.316796875 0.5498046875 0.29921875 0.5546875 0.2806640625 0.4970703125 0.242578125 0.4658203125 0.24453125 0.4462890625 0.25234375 0.42578125 0.2806640625 0.42578125 0.3158203125 0.41015625 0.3451171875 0.3857421875 0.371484375 0.357421875 0.3880859375 0.3662109375 0.396875 0.421875 0.4017578125 0.4375 0.3998046875 0.439453125 0.3685546875 0.4716796875 0.3265625 0.4873046875 0.316796875
0 0.7568359375 0.19375 0.7275390625 0.178125 0.6767578125 0.180078125 0.6875 0.2201171875 0.705078125 0.2533203125 0.7138671875 0.2640625 0.7294921875 0.266015625 0.755859375 0.2943359375 0.7734375 0.2650390625 0.775390625 0.2220703125 0.765625 0.2044921875 0.7568359375 0.19375
0 0.857421875 0.5072265625 0.857421875 0.4818359375 0.8330078125 0.445703125 0.7998046875 0.4359375 0.7548828125 0.453515625 0.7294921875 0.45546875 0.69921875 0.4740234375 0.6953125 0.5228515625 0.7080078125 0.535546875 0.7470703125 0.543359375 0.7705078125 0.555078125 0.814453125 0.5599609375 0.8330078125 0.54140625 0.8515625 0.5365234375 0.8515625 0.5169921875 0.857421875 0.5072265625
0 0.888671875 0.6654296875 0.8662109375 0.646875 0.8447265625 0.644921875 0.80859375 0.6634765625 0.8125 0.7083984375 0.818359375 0.7220703125 0.81640625 0.7611328125 0.826171875 0.7650390625 0.8408203125 0.76015625 0.88671875 0.7181640625 0.890625 0.7025390625 0.888671875 0.6654296875
0 0.71484375 0.5833984375 0.712890625 0.5638671875 0.6953125 0.5384765625 0.6728515625 0.519921875 0.6572265625 0.519921875 0.65234375 0.5248046875 0.65234375 0.5697265625 0.59765625 0.6419921875 0.58203125 0.6810546875 0.58203125 0.7005859375 0.595703125 0.7396484375 0.6064453125 0.746484375 0.6103515625 0.742578125 0.6171875 0.7494140625 0.6103515625 0.754296875 0.6005859375 0.746484375 0.59765625 0.7494140625 0.60546875 0.7611328125 0.6103515625 0.7640625 0.6162109375 0.75625 0.6474609375 0.75625 0.66015625 0.7630859375 0.7255859375 0.7328125 0.744140625 0.7142578125 0.73828125 0.6556640625 0.71484375 0.5833984375
0 0.7685546875 0.6234375 0.7294921875 0.615625 0.728515625 0.6341796875 0.73828125 0.6595703125 0.744140625 0.7103515625 0.732421875 0.7298828125 0.712890625 0.7455078125 0.7255859375 0.754296875 0.7802734375 0.7484375 0.8125 0.7611328125 0.818359375 0.7298828125 0.80859375 0.6693359375 0.80078125 0.6498046875 0.7685546875 0.6234375
1 0.2255859375 0.258203125 0.2060546875 0.25625 0.1044921875 0.277734375 0.1015625 0.2845703125 0.111328125 0.2962890625 0.115234375 0.3158203125 0.1357421875 0.334375 0.1484375 0.3333984375 0.2021484375 0.3109375 0.2314453125 0.308984375 0.2421875 0.2689453125 0.2255859375 0.258203125