0 0.552419421875 0.8265673484375 0.5580786453125001 0.826499296875 0.58038434375 0.8109028374999999 0.5983495999999999 0.7939829640625 0.609316059375 0.77223435625 0.607494103125 0.719197009375 0.6142877312499999 0.6896379515625 0.610446840625 0.634659725 0.5559736171874999 0.5857750312500001 0.5017613953125 0.5823009546875 0.42391678437499997 0.6604846703125 0.4089372640625 0.704422646875 0.4073231546875 0.7217128484375 0.41362785156250004 0.730371490625 0.45353421718750003 0.755438659375 0.4999022703125 0.7981145421875 0.5279649390625 0.8193938187500001 0.5447884968750001 0.826069565625 0.552419421875 0.8265673484375
0 0.3715592296875 0.6890883750000001 0.371995021875 0.645504515625 0.33373315468750003 0.588389690625 0.3157801078125 0.5845293593750001 0.30962692812500003 0.5841350453125 0.2858464265625 0.590162853125 0.2752319921875 0.60444996875 0.2748408640625 0.6086397015625 0.27547138437499996 0.627094165625 0.27199905 0.639080978125 0.265388378125 0.70989391875 0.266571375 0.7148801078125 0.274006815625 0.7250754828125 0.319906740625 0.73685540625 0.351503440625 0.72437226875 0.36399715312500003 0.7135994234374999 0.3715592296875 0.6890883750000001
0 0.2548618796875 0.6185034875000001 0.27675266249999997 0.5771047734375 0.27572028125000003 0.571721815625 0.2652405296875 0.54386084375 0.2537838515625 0.535627621875 0.260712903125 0.5305539078125 0.25767613749999996 0.525020503125 0.22940715625000002 0.506380828125 0.1541729515625 0.4940088796875 0.13768632187500002 0.49295236875 0.1371583203125 0.49303403125 0.1205285984375 0.5052109390624999 0.11548988281250001 0.513981740625 0.1125307109375 0.545680140625 0.14196602187500001 0.5809359328125 0.143029125 0.596779725 0.1627956234375 0.62774005 0.2041945109375 0.6459498515625001 0.20586754687500003 0.645691096875 0.2548618796875 0.6185034875000001
0 0.2558187703125 0.7315934890625 0.26902431875 0.7120863640625 0.2677742078125 0.6570334984375 0.27300001875 0.6295733265625 0.252857809375 0.6150777609375 0.2161307890625 0.6127241859375 0.18437352812500002 0.6334837906249999 0.18044813906249998 0.6431917421875 0.1784996625 0.664063653125 0.180368421875 0.6717689609375 0.1945115515625 0.693551484375 0.20743398281249997 0.70450900625 0.23296631250000002 0.7126608359375 0.248062265625 0.7334713140625 0.2558187703125 0.7315934890625
0 0.333917584375 0.822561625 0.3413075046875 0.820690996875 0.34683453750000004 0.8010264875 0.35739351875 0.790208265625 0.39840686875000003 0.7901933375 0.40293519062499994 0.7855538390625 0.40301923593750005 0.7846535390625 0.3990679625 0.7715137203125 0.3698627015625 0.73574879375 0.30105790625 0.7313395828125 0.2918882703125 0.7313429203124999 0.26749096875 0.7715586140624999 0.267443228125 0.7720700046875 0.2675076875 0.7758873609375 0.2723542953125 0.7853235984375 0.2725867078125 0.7990872625 0.29926784375 0.817756925 0.3328434234375 0.8225620171875001 0.333917584375 0.822561625
0 0.873857140625 0.61529628125 0.886934821875 0.606364571875 0.91222038125 0.5640018125 0.9156002328125 0.504756415625 0.907674675 0.4778854703125 0.9017467234375 0.4743261421875 0.8933223828125 0.47378628593750005 0.8220704812499999 0.4760386875 0.8028395187499999 0.4815421890625 0.7900573359374999 0.49452113437499995 0.786814715625 0.5292558078125 0.7887940234374999 0.5426423734375 0.8100926421875 0.56448873125 0.8231049828125 0.606668896875 0.838709721875 0.6181697625 0.8496707453125 0.620222096875 0.873857140625 0.61529628125
0 0.829129134375 0.4572644453125 0.827829078125 0.44746015625 0.8160782828125 0.43257747812499997 0.80856984375 0.40544714062500004 0.8047837343750001 0.3621474234375 0.8024333921875 0.3595043765625 0.7873774984375 0.3585395515625 0.7846181171875 0.3587690140625 0.775358815625 0.365733025 0.76457051875 0.481296325 0.7655943749999999 0.4942674828125 0.774516934375 0.5173152671875 0.8118745562499999 0.5409722 0.8248364875 0.54286804375 0.8181902578125 0.4779988890625 0.829129134375 0.4572644453125
0 0.436304596875 0.35920993437500004 0.3815601890625 0.307302375 0.378707496875 0.3063729109375 0.37027415 0.305088946875 0.36198650625 0.3045578515625 0.31178682343749997 0.310543565625 0.3042630328125 0.307417496875 0.298528703125 0.31347649375 0.297720296875 0.3351398203125 0.2917927609375 0.3428650125 0.28903801093750003 0.3723736484375 0.330366565625 0.40034558281250004 0.37926254843749996 0.40347897968749996 0.44465540781249996 0.4020735609375 0.44988939375000003 0.399899553125 0.45089008125 0.3921295765625 0.436304596875 0.35920993437500004
1 0.572765403125 0.55445781875 0.5860142749999999 0.5279880125 0.6039110953125 0.5069991984375 0.6160535796875 0.461892203125 0.6003130156250001 0.42558531093749996 0.5693897109375 0.4039761484375 0.5648789062499999 0.390403303125 0.5105787265624999 0.34948106874999996 0.49148100625 0.32943658125 0.47747850625000005 0.3234477671875 0.46236640625 0.31884972500000003 0.45318897812500003 0.3182616078125 0.45016005000000003 0.3199142703125 0.41707688125000003 0.38518562031250003 0.4117384265625 0.4050169640625 0.40098095 0.5202501046875 0.4122240578125 0.5442456703125 0.41659772500000003 0.565910365625 0.45175291875 0.5755900656249999 0.5605756625 0.5883667578125 0.566557021875 0.5851031703125 0.572765403125 0.55445781875
1 0.3935841890625 0.4933608609375 0.40763765 0.46075215468749997 0.41362915468750006 0.42772620312500004 0.39062182968750003 0.399152290625 0.36600097656249997 0.3829006390625 0.3616006046875 0.3815536484375 0.3585145359375 0.381355884375 0.3475586921875 0.3859703015625 0.33258020781250003 0.3813852609375 0.317755896875 0.3829991765625 0.29468234375 0.4015685234375 0.2863405984375 0.41480457499999995 0.279992871875 0.435589390625 0.275366484375 0.48514686406249996 0.27728054375 0.4987711015625 0.2825560171875 0.5116642046875 0.3447608015625 0.5225032609375 0.38102846874999996 0.5612880421875001 0.3864912296875 0.5568084734375 0.3935841890625 0.4933608609375
1 0.6546110703125 0.6414813703125 0.67427485 0.629115840625 0.7203846625 0.6130097296875 0.75049978125 0.617898771875 0.7530733781250001 0.6071365765625 0.7556577375 0.5794531484375 0.72894589375 0.5525507921874999 0.718891653125 0.5069229890625 0.683503221875 0.48230439687500004 0.6545555515625 0.4471905734375 0.6379096453125 0.43734688593750004 0.6335116421875 0.416268821875 0.6141493796875 0.41502803125 0.5819679453125 0.45963576249999993 0.574820359375 0.48678556406249995 0.562965965625 0.5053073 0.5545224359375001 0.525601446875 0.554020121875 0.5309821828125 0.5600963250000001 0.5620568921875 0.5538699921875 0.5620662640625 0.55467210625 0.5676162265625 0.5999241921875 0.5934535624999999 0.62495658125 0.6230221109375 0.6546110703125 0.6414813703125
1 0.732102071875 0.46935523124999995 0.7428863031249999 0.470046315625 0.7716541265625 0.46779159375 0.767116225 0.4288906 0.7848264406250001 0.3717834078125 0.7884964390625 0.32288764375 0.78524408125 0.3034655171875 0.7729026078125 0.2911361890625 0.708133953125 0.28910152031249997 0.692335740625 0.26321074843750003 0.68338816875 0.255992915625 0.67452018125 0.2554246296875 0.6522544703125 0.25753647968750004 0.6241069328125 0.28534318281250004 0.6185618953125 0.34474113125 0.6183082328125 0.352014965625 0.627213134375 0.3558386734375 0.6983591265625 0.3440281890625 0.714974865625 0.34647623125 0.723582653125 0.381356621875 0.732102071875 0.46935523124999995
1 0.9176730125000001 0.6953576015625 0.923561746875 0.67168028125 0.925523325 0.6285791203125 0.9196330359375 0.6111796046875 0.90294514375 0.595133653125 0.877725165625 0.585959790625 0.873539534375 0.5856915625 0.8384533796874999 0.58691186875 0.823435278125 0.5988770515625 0.819509234375 0.6087938140625 0.7979147671875 0.63106134375 0.774359165625 0.708166275 0.7716531828125001 0.7253398125 0.769258028125 0.7509964953125 0.7700772578125 0.756680165625 0.783631840625 0.7575487828125 0.7969368296875 0.7279194625 0.8401273937499999 0.72641728125 0.8695752062500001 0.7175689046875 0.897060334375 0.7224810921875 0.9078575671875001 0.711347328125 0.9176730125000001 0.6953576015625
1 0.7821688124999999 0.596389803125 0.7723023328124999 0.5628711171874999 0.7659414875 0.55364680625 0.7538397828125001 0.55287129375 0.751434871875 0.5707748359375 0.7444078625 0.58261265 0.7429146953125 0.6052930328125 0.7005624921875 0.6112403609375 0.6610396765625 0.6305725578125 0.6605656390625 0.6356504046875 0.671051396875 0.6516902531250001 0.7051303328125 0.6842051640625 0.7165350312500001 0.6802525937499999 0.7327778953124999 0.6605195875 0.7800133125000001 0.6240009484375 0.7821688124999999 0.596389803125
1 0.276598803125 0.7501648296875 0.2776027921875 0.7486004828125 0.2786147390625 0.7377605968750001 0.277580021875 0.7376942890625 0.23164457343749997 0.748278496875 0.1611043875 0.76621284375 0.16081865312500002 0.7692736124999999 0.1903888703125 0.8232739812500001 0.20860682343749998 0.824441440625 0.21315815 0.8231349625 0.2709238390625 0.7916495343750001 0.273934128125 0.787898896875 0.274764640625 0.7790025140625 0.261921884375 0.758329596875 0.276598803125 0.7501648296875