1 0.41387563125 0.5169788453125 0.4107885765625 0.496975734375 0.4081582484375 0.4841758546875 0.395084790625 0.4659503265625 0.3567742203125 0.45093147968749997 0.30370516875 0.449387328125 0.28528487187499996 0.45276200468749994 0.28095707187499996 0.46591928437499996 0.26799405468750004 0.4752740703125 0.2601033015625 0.499653671875 0.1946762328125 0.5096459249999999 0.164529834375 0.527134428125 0.1308909515625 0.5372857328125 0.1069706453125 0.5705847937499999 0.1024793625 0.5873616890625 0.1273608546875 0.708441628125 0.1252392375 0.7367499484375 0.12949060625 0.7429509859375 0.1379003265625 0.740413159375 0.1615497125 0.72511206875 0.1806768078125 0.721607903125 0.198495046875 0.6924181593750001 0.22099060625 0.67633131875 0.23425554843750002 0.653958534375 0.2514079234375 0.64084485 0.2777909125 0.6340171156250001 0.3130715859375 0.6415133625 0.3781037125 0.6295992015625 0.392793403125 0.5900141921875 0.3908186828125 0.580404671875 0.405996334375 0.5576814703124999 0.413939803125 0.528009159375 0.41387563125 0.5169788453125
1 0.8518706296874999 0.8833174453125 0.81780925625 0.8047772125 0.7953313828125 0.7188339171875 0.7471507296875 0.670067596875 0.7461297578125 0.670037890625 0.7264086015625 0.6731164171875 0.7144081265625 0.6956110953125 0.6829751765625 0.7067414375000001 0.6562582671875 0.732926728125 0.6521444468750001 0.7501960484375 0.665372096875 0.7903956921875 0.715350959375 0.8668442171875 0.7453342296875001 0.8933613828125001 0.8519471125000001 0.8964635 0.8518706296874999 0.8833174453125
1 0.978316346875 0.8669266562500001 0.9734867890625001 0.8495845453124999 0.9390013890625 0.8118926328124999 0.9283986531249999 0.7654003828125 0.91000164375 0.729780053125 0.8887927609374999 0.7054356796875 0.8777004515625 0.70354868125 0.869376334375 0.7033064734375001 0.7833532203125 0.7348484359375 0.836261884375 0.8399904796875 0.8639001890625 0.8725255515624999 0.8724056296875 0.89890630625 0.9313189703125 0.9006205093749999 0.9708130078125 0.8827292578125 0.97834714375 0.8722201953125 0.978316346875 0.8669266562500001
1 0.7721667171875 0.341126571875 0.7620655609375 0.32012673125 0.742561165625 0.30280871249999997 0.725147071875 0.3023020140625 0.6899581765625 0.3297058515625 0.67465491875 0.353364834375 0.67646893125 0.4084493109375 0.669991496875 0.43983848593749997 0.67000968125 0.4429639515625 0.679694359375 0.45259961249999997 0.712130771875 0.453464915625 0.758506665625 0.4209017828125 0.7722952281250001 0.36321585 0.7721667171875 0.341126571875
1 0.8089327703125001 0.495332659375 0.8460701359374999 0.48563258906250006 0.8525993406250001 0.47152105312500003 0.8525371749999999 0.4608359046875 0.8393477921875 0.43838811875 0.8133180390625 0.42237117187499995 0.8137727078125 0.40285645781249996 0.8052480031249999 0.39368013749999997 0.792096521875 0.39329746718749997 0.786607125 0.3936185171875 0.7819728703125 0.42463748125 0.7598945140625 0.4488814234375 0.75753191875 0.4663423765625 0.8085483625000001 0.495321475 0.8089327703125001 0.495332659375
1 0.655386075 0.2487184046875 0.6442210890625 0.2534717828125 0.6185934453125 0.28328895468750004 0.56712041875 0.29007788125 0.5601669640625 0.305327453125 0.522866628125 0.3197896953125 0.5269987703125001 0.3307923484375 0.5622015218749999 0.3602353546875 0.6190757625 0.38791743125 0.625106759375 0.38809291562500003 0.6750872265625001 0.30315889218750003 0.6747737828125 0.2492825296875 0.655386075 0.2487184046875
1 0.4262897953125 0.7711141234375 0.37581208125 0.721752165625 0.37549708125 0.721743 0.30682121093750003 0.7283456625 0.29843961406249997 0.79024676875 0.2984869609375 0.7983850296874999 0.3011783625 0.8133860515625001 0.3730755859375 0.8146366625000001 0.3916030875 0.8221830921875 0.40005384375 0.822428984375 0.39424044999999996 0.790539715625 0.4232346546875 0.7822366171875 0.42629970312500004 0.7728171125000001 0.4262897953125 0.7711141234375
1 0.9912435328125 0.6721918421875 0.991113125 0.6693879578125 0.9853881453125 0.652770334375 0.957218203125 0.6223054359375 0.9281132453125001 0.6128436484375 0.9086363203125 0.612276928125 0.889491540625 0.636665728125 0.889503153125 0.6386618000000001 0.9261742671875 0.6842989328125 0.9912571375000001 0.674530315625 0.9912435328125 0.6721918421875
0 0.759633475 0.60357463125 0.7217782171875 0.58827775625 0.6982437734375 0.5873583921875001 0.689282965625 0.53090709375 0.6436051593750001 0.5295780046874999 0.6278922578125 0.5402591703125 0.6065526546875 0.5711629375 0.591191 0.5761779171875 0.5506299796875 0.569222475 0.5340574015625 0.5592979921875 0.5295925484375 0.5469168859375 0.5277552359375 0.548361446875 0.527965771875 0.5845494546875 0.562662528125 0.6180310078125 0.5671273796875 0.6304121125 0.5978762421875 0.6539108546875 0.6760751609375 0.6857044546875 0.6783266765625 0.6859810765625001 0.7476841390625 0.6279442734375 0.7596429375 0.6052009968750001 0.759633475 0.60357463125
0 0.6826063671875 0.7900130328125 0.6823833484375 0.7886007921875 0.6625581406250001 0.7756606953125 0.6594996921875 0.7562934718750001 0.643632234375 0.73088181875 0.651739471875 0.682130540625 0.6134083046875001 0.6520931640625001 0.5936789671875 0.62724899375 0.59218558125 0.626502684375 0.543421034375 0.6250837812500001 0.53920185 0.6263366671874999 0.5169572328125 0.654376221875 0.4857928359375 0.7322772843750001 0.47775378125 0.7806185484375 0.4777979390625 0.788208615625 0.491822975 0.8017402828125 0.5129674343749999 0.8105231890625 0.5362345671875001 0.7952142 0.6118470265625 0.786084959375 0.6268928234375 0.7937823734375 0.6484389953125 0.7925979265625 0.66470816875 0.8080422281249999 0.6769054921875 0.810213215625 0.6826780015625 0.8023258828125 0.6826063671875 0.7900130328125
0 0.7109339734375 0.8256564765625001 0.702966584375 0.8169480312499999 0.6882842375 0.8136437515624999 0.5186485015625 0.7790242890625 0.5098683421875 0.7787688125 0.4981537171875 0.7875894140625 0.49595737812499996 0.7971159296875 0.5246567171875001 0.8714155953124999 0.5285600078125 0.8722940328125001 0.5373709468750001 0.8735754874999999 0.549959225 0.8623793671875 0.5963540234375 0.8868496953125 0.643921021875 0.8975546984375 0.6750968281249999 0.8925458828125 0.702263428125 0.8754114890625001 0.711002903125 0.8375044703125001 0.7109339734375 0.8256564765625001
0 1 0.8015867249999999 0.99408350625 0.7873626359375 0.9877310843749999 0.7408752671875 0.9415585906249999 0.7001043953125 0.924933571875 0.6924251406249999 0.9196044609375 0.6922700796875 0.9263389765625 0.8390291296875001 0.935471284375 0.845234971875 0.9589725140625 0.845547790625 0.9587639843750001 0.8602284250000001 0.9687179640625001 0.8634436234375 0.9600966124999999 0.8669794390625001 0.9846238968750001 0.8681982765624999 1 0.865932590625 1 0.8015867249999999
0 0.9209831062499999 0.67909671875 0.9187882843749999 0.6716938921875 0.8481084593749999 0.640391071875 0.801513459375 0.62611183125 0.7734577765624999 0.6179243718749999 0.7705157765624999 0.61763144375 0.745887284375 0.616914828125 0.730160121875 0.6251719546875 0.6969666640625001 0.6580839796875 0.69345298125 0.6847042515624999 0.711935459375 0.6719035828125001 0.724319609375 0.6715954921875 0.815061415625 0.713765153125 0.841598278125 0.701381153125 0.8558447390625 0.701643775 0.877399815625 0.6856814515625 0.894812628125 0.6951209515625 0.901826090625 0.7198805109374999 0.9153198078125 0.7202731375 0.9211186250000001 0.702390384375 0.9209831062499999 0.67909671875
0 0.9993766109375001 0.45899652343749997 0.9851535265625 0.4567818328125 0.9839444078125 0.4469662484375 0.9713645140624999 0.44569508750000003 0.9721112812499999 0.44227795625 0.88079971875 0.43962106093750003 0.865975796875 0.47260783125000005 0.931455503125 0.5093648015625 0.9418081265625 0.527222909375 0.938415184375 0.5721664546875 0.946364053125 0.58311745 0.9613477015624999 0.591295721875 0.99638858125 0.5921102265625 0.9999042781249999 0.549694740625 0.9993766109375001 0.45899652343749997
0 0.935716859375 0.5263591578125 0.9286246312499999 0.5131533765625 0.878484446875 0.48714241875 0.8717986203124999 0.48622622031249996 0.8610729562499999 0.4859141359375 0.8149509328125 0.49836258593749994 0.8173931140624999 0.5474648156249999 0.79776705625 0.578939534375 0.79769670625 0.5802791218750001 0.8018641437499999 0.6011835203125 0.8211928546875 0.6191704296875 0.8749599281249999 0.63144605 0.8847987421875001 0.6317323296875 0.9360540437499999 0.5890270609375 0.9360804343750001 0.5888523515624999 0.935716859375 0.5263591578125
0 0.6086126734375 0.4535725234375 0.60229314375 0.4550922078125 0.596691575 0.4532256546875 0.591814078125 0.453083734375 0.5733348984375 0.4722516203125 0.57234216875 0.5214766015625 0.5989174968750001 0.549423178125 0.66773088125 0.5707283546874999 0.70552255 0.57617224375 0.715140125 0.577356721875 0.7472054531250001 0.5439992953125 0.8032511046874999 0.5370845171874999 0.8106669828124999 0.5192458875 0.8070084953125001 0.48918697031249997 0.7104024421874999 0.5118322656250001 0.6847209375000001 0.5126171734375 0.6403834609375 0.454496959375 0.6086126734375 0.4535725234375
0 0.6662400921875 0.39361857968749997 0.6632087734375001 0.3695683796875 0.6093227671875 0.3588645515625 0.5897753703124999 0.3436679296875 0.5275363125 0.34185695781250003 0.4959499671875 0.354915496875 0.49138308750000004 0.362515134375 0.49153174843749997 0.3880678703125 0.5089387984375 0.3902702546875 0.524402259375 0.39980450156249997 0.5380127375 0.41784789062499994 0.5553291828125 0.41887299687499996 0.5664231890625 0.4546680703125 0.551916115625 0.49237303125 0.5802010390625 0.504986746875 0.6360356609375 0.47989412031249995 0.653184734375 0.44864394062499996 0.6496700328125 0.41108759375000004 0.6662857843750001 0.40147228124999995 0.6662400921875 0.39361857968749997
1 0.5493253250000001 0.43708747812500004 0.5288993078125 0.42364633281249997 0.531845503125 0.4043375125 0.520604021875 0.3767892765625 0.5249606250000001 0.35991645 0.514591603125 0.35099196250000003 0.47430077031250006 0.3390558203125 0.4223959828125 0.3345771328125 0.35301774531249996 0.35842345 0.3513862015625 0.3528946984375 0.368478278125 0.349885565625 0.3668885234375 0.3362965421875 0.3460492859375 0.330122928125 0.3370191796875 0.3335022546875 0.33379787968749997 0.3143844796875 0.3210206125 0.30858105625 0.293341825 0.3053601203125 0.286370934375 0.30515728750000004 0.25811459375 0.3192085421875 0.23970786875 0.347055246875 0.19847166875 0.34089352968750003 0.1558790265625 0.3676296578125 0.139145640625 0.39294484218750003 0.1395461234375 0.407190625 0.16048112187500002 0.440637803125 0.2710781203125 0.51780169375 0.35632954687499996 0.5430573859375001 0.375361928125 0.5564889046875 0.46869524843750004 0.5592046265625 0.4964668125 0.5492551328124999 0.5161046015624999 0.512691396875 0.5470256640625 0.49561562812500004 0.549642796875 0.4916562875 0.5493253250000001 0.43708747812500004