1 0.7478097828125 0.548424253125 0.7346284171875 0.5382779734375001 0.7125030125 0.533960896875 0.684779525 0.5304089984375 0.6483660296875 0.53252984375 0.6297462765625 0.546101703125 0.6211673734375001 0.55729535 0.6194308078125 0.5632881624999999 0.6123806218750001 0.6060298546875 0.594075321875 0.6555623203125001 0.5914641421875 0.6713925749999999 0.596144346875 0.6825181109375 0.70639596875 0.70096655 0.732295284375 0.6968288796875 0.73737938125 0.690876490625 0.7520815140625 0.64014004375 0.7478097828125 0.548424253125
1 0.9336177015624999 0.43389694843750004 0.8925424640624999 0.42743734531250005 0.8222742640625 0.4315300015625 0.8258896124999999 0.4384756375 0.8230986140625 0.4472971421875 0.80946196875 0.4532482 0.793692665625 0.44942871875 0.785013678125 0.45828525156250005 0.7754723593749999 0.47399517343750003 0.77560835625 0.481820946875 0.7596993859375 0.4998838671875 0.760566490625 0.518500953125 0.7714666828125 0.525870103125 0.7910933124999999 0.5257533484375 0.8318181140625001 0.5446862078125 0.8361752234375001 0.5446602890625 0.8855391375 0.5388880265625 0.8999361171875 0.5202142515625 0.9035214515625001 0.5006264687499999 0.9321114156249999 0.45154025937500003 0.9336682546875 0.43498235 0.9336177015624999 0.43389694843750004
1 0.761868703125 0.412974346875 0.7462941671875 0.37473701875 0.723041434375 0.29498848906249997 0.699813215625 0.24544057656249998 0.6861097578125 0.23421791875000003 0.665696853125 0.23540683593749998 0.616627978125 0.245593921875 0.6210159078124999 0.26582695 0.61716088125 0.2777027078125 0.5981575296874999 0.28164795625 0.5771749671874999 0.26687381875 0.57755013125 0.260754790625 0.5710199265625 0.25506251406249997 0.547798265625 0.2598835140625 0.5508995031249999 0.32646833124999997 0.5658763390625 0.31855549375000003 0.586780028125 0.314215721875 0.604016275 0.318692196875 0.621573328125 0.3281363515625 0.6342585734374999 0.34563993437499996 0.6602461671875 0.36038184218749997 0.6729314125 0.377885425 0.6750982015625 0.3935452921875 0.6701720390625 0.41269142812500004 0.6522643359375 0.4395669171875 0.6102938890625 0.48150659375 0.62300365 0.5292107921875 0.6393563375 0.5378981281249999 0.725651603125 0.46661913125 0.750973065625 0.44122505624999997 0.7622058921875 0.4202139 0.761868703125 0.412974346875
1 0.5504883703125001 0.2475596984375 0.5088315078125001 0.2100749515625 0.39429975625 0.21674566562500003 0.34706238125 0.22509841718749998 0.29541684687499997 0.27458815 0.299314621875 0.31138874375 0.3147558125 0.3601960921875 0.33033442343749997 0.35855960468750003 0.4074779109375 0.34800788437499997 0.46204677812500006 0.3246497796875 0.55169563125 0.3054403203125 0.5531110328125 0.303869309375 0.5504883703125001 0.2475596984375
1 0.21705781875 0.7246131015625 0.21544988125 0.7142249015625 0.209347928125 0.7065724015625 0.21263865 0.6849433406250001 0.204351053125 0.6695242546875 0.18313639843750001 0.64763026875 0.14732088125 0.629097959375 0.1287717390625 0.623895571875 0.079281865625 0.626778028125 0.07671354375 0.6272396625 0.0604388875 0.6404379140625001 0.046956765625 0.6677669109375 0.0478781015625 0.687548346875 0.06752383749999999 0.715597721875 0.10478566250000002 0.7164698281249999 0.15206575312499998 0.7248803515625 0.2006945859375 0.745975746875 0.20751969531249997 0.744798146875 0.217335684375 0.7305789859375 0.21705781875 0.7246131015625
1 0.3299458546875 0.62547650625 0.3298279296875 0.6248473703124999 0.3129370703125 0.58313990625 0.2996580546875 0.5649110046875 0.284391290625 0.5518619421875 0.269820303125 0.546743928125 0.26372972968749997 0.5470986640625 0.24699546562500002 0.5522914609375 0.23451641093750003 0.5646380125 0.2084860125 0.6151795359375 0.1978835125 0.656636975 0.19898242187499998 0.6802309796875 0.1999575328125 0.6854332453125 0.22953426875 0.727472921875 0.234730378125 0.7446713515625001 0.24407526875 0.749020259375 0.260528190625 0.7480619859375001 0.2671774984375 0.7388863671875 0.2883746875 0.6730825031250001 0.2997650390625 0.6549276749999999 0.31954344687499997 0.64469284375 0.3301586171875 0.6300445875 0.3299458546875 0.62547650625
1 0.44141723125 0.658955159375 0.3309699828125 0.7200491734375001 0.3214792390625 0.7322276578125 0.462633753125 0.746166503125 0.46749334375 0.7382609828125 0.46960381562500003 0.728788678125 0.46745776250000004 0.711478803125 0.47194889843750004 0.7141501875 0.46930250312500005 0.6573310265625001 0.44141723125 0.658955159375
1 0.568845471875 0.47350152031250003 0.555047728125 0.4615565640625 0.5356119890625 0.4542816140625 0.5302630890625 0.43443706718749997 0.51030484375 0.435599503125 0.46053185625 0.4651709140625 0.460520421875 0.46616425 0.4640374171875 0.482819046875 0.46181401875 0.506402165625 0.470386340625 0.524772003125 0.4879823109375 0.5223010015625 0.51747441875 0.5038054203125 0.566312003125 0.500426921875 0.5699275578125 0.49673432812499996 0.568845471875 0.47350152031250003
1 0.6971688109375 0.7057670390624999 0.6523933140625 0.7071481609375 0.6289429515625 0.6951640171875 0.6144767609375 0.677264334375 0.6072551640625 0.653996415625 0.6040387921875 0.654183746875 0.5832214140625 0.66063991875 0.5788232953125 0.6854331421875 0.5585203390625 0.71833734375 0.55854740625 0.7189184703125 0.5593217515625 0.7271867140625 0.6624149874999999 0.73722579375 0.67528934375 0.736475946875 0.69664153125 0.7143671640625 0.6973283203125 0.7091917624999999 0.6971688109375 0.7057670390624999
1 0.7895245578125001 0.468540503125 0.7865939859375 0.458675959375 0.779878284375 0.4590671046875 0.7621334531249999 0.50648890625 0.7614161671875 0.5210095265625 0.7624835234375 0.5271635046875 0.765911890625 0.5341040171875 0.7818727015625 0.5211867953125 0.7909431890625 0.498999096875 0.7895245578125001 0.468540503125
1 0.8407454218750001 0.3909252671875 0.83939156875 0.3764307984375 0.838895421875 0.37331696718749996 0.7987696296875 0.3749077828125 0.7784222984375 0.3667143265625 0.760872353125 0.36773649375 0.7583024609375 0.3706384359375 0.7599892234375 0.43327208281249996 0.7651601546875 0.43784244218749996 0.821615396875 0.4303035796875 0.8409209390625 0.394693690625 0.8407454218750001 0.3909252671875
1 0.7998916453125 0.590210521875 0.7794175265625001 0.5327306562499999 0.752749609375 0.5342838859375 0.7503498328125 0.61548523125 0.7544626562500001 0.6302418984375 0.7820980375000001 0.6246833390625001 0.800925634375 0.6124106671875 0.7998916453125 0.590210521875
1 0.8248485828125001 0.6887453875 0.8237104453124999 0.6789034984375 0.799825090625 0.6122061796875 0.7977759671875 0.6115650687499999 0.76084045625 0.6137163171875 0.738166096875 0.634067703125 0.74171768125 0.667385453125 0.734065046875 0.6880725359375 0.708358121875 0.708120865625 0.7020458671875 0.7430045640625 0.8252914296875 0.69825346875 0.8248485828125001 0.6887453875
1 0.68293176875 0.3664535375 0.677569725 0.3575317796875 0.6575918296875 0.340271553125 0.647261565625 0.3169731453125 0.6208110812500001 0.29912394062500003 0.6069939859375 0.2999286953125 0.58914820625 0.30135717500000003 0.5408190296875001 0.32763654062500003 0.50609665625 0.349765153125 0.4939006 0.3724786625 0.490624059375 0.39992782656250003 0.504822478125 0.421202115625 0.5578845 0.47212451250000004 0.5683633546875 0.4744224078125 0.583431153125 0.47354480781249997 0.6528135671874999 0.4293788171875 0.6748392890625 0.408450215625 0.6839868046875 0.38910556875 0.68293176875 0.3664535375
0 0.40394090781249997 0.4649776140625 0.39699104375 0.44530300624999997 0.3852630578125 0.43576835625 0.3532049859375 0.43378235781249996 0.26194487187500004 0.439097653125 0.25865307187500003 0.4409473640625 0.255040909375 0.4866605796875 0.2466176625 0.5230569265625 0.22405364218749999 0.5653202562499999 0.22545168750000003 0.59533685 0.22836729218750002 0.6019156765625 0.2484426 0.6164347140624999 0.2949372 0.6290081828125 0.320045959375 0.6277990234375 0.3274568703125 0.6269769515625 0.3376603421875 0.6222989109375 0.3579936984375 0.5973871234375 0.40508031874999995 0.48971821562500006 0.4050796015625 0.48942581562500004 0.40394090781249997 0.4649776140625
0 0.2078160421875 0.5598269671875 0.20103072812499997 0.5351950343749999 0.1413856859375 0.5219817140624999 0.086063890625 0.4979104515625 0.06380049374999999 0.499207146875 0.0505033375 0.510587759375 0.035117465625 0.5507479984375 0.0326442953125 0.5704171375 0.033279928125000004 0.584064421875 0.045216653125 0.6070927484374999 0.06974300781250001 0.6262779093749999 0.112799053125 0.64143903125 0.1538445703125 0.6469012234375 0.17726090781249998 0.643574171875 0.1916298796875 0.59660194375 0.20809829999999999 0.5658871515625 0.2078160421875 0.5598269671875
0 0.59729904375 0.5461949890625 0.5902806546875 0.5340824234375 0.5447687546875 0.513801228125 0.5421419249999999 0.513323646875 0.520568296875 0.5102051796875 0.5034914609375 0.5111997921875 0.4813015125 0.5144145 0.4428448125 0.54213295625 0.4307382796875 0.5442979421875 0.416003853125 0.56272175 0.41428754375 0.591395834375 0.41536484375000005 0.614525890625 0.42433715000000005 0.62754483125 0.44924546562499995 0.645826521875 0.45287529375 0.678649840625 0.47747692343750003 0.6704610515625 0.5086124375 0.64657805 0.5142669625 0.6297779796875 0.5194408734375 0.6275896296875 0.5156371109375 0.6358485109374999 0.5204224578125001 0.6375189796875 0.537406390625 0.6262715609375 0.5456989859375 0.6127890625 0.552631609375 0.612812425 0.5542880921875 0.6062006484375 0.566098115625 0.597141578125 0.5698098234375 0.5996355999999999 0.574492940625 0.5924825734375 0.578204646875 0.59497659375 0.5950863515625 0.57490568125 0.595982084375 0.5699456781250001 0.5976389015625 0.5534918656250001 0.59729904375 0.5461949890625
1 0.419740071875 0.63599945 0.3737205140625 0.6143291453125 0.356309134375 0.61534324375 0.3510428234375 0.62621550625 0.3363928703125 0.640004965625 0.3362947890625 0.6404415296875 0.351918203125 0.6615373078125 0.35988916406250004 0.6663651140625 0.362594871875 0.6667407562500001 0.374264878125 0.6666512140624999 0.42026891875 0.6473540078125 0.419740071875 0.63599945
0 0.4582742859375 0.622381821875 0.4321246859375 0.5889931500000001 0.4298288265625 0.5891268671875001 0.407770565625 0.604255078125 0.4086347 0.631848759375 0.41621749062499996 0.6437382453125 0.44958642656250003 0.6466093093749999 0.4588545578125 0.6348404953125 0.4582742859375 0.622381821875
1 0.51990184375 0.6672869515625 0.4904113453125 0.6435676671875 0.41419641250000006 0.6480066812499999 0.40710084375 0.6495638125000001 0.3952611046875 0.6594837124999999 0.39461146875 0.6643929796875 0.3907380421875 0.70692306875 0.403284315625 0.7226010328125 0.43227467031250005 0.724501353125 0.51995181875 0.6683599140625 0.51990184375 0.6672869515625
0 0.49589568125000005 0.3873345453125 0.48918269375 0.37808852656249997 0.447566096875 0.35705905 0.44032600468750005 0.3566381578125 0.40530579062500005 0.358677853125 0.3939977234375 0.3627602671875 0.3661925875 0.3856309046875 0.3544853515625 0.41825270468750003 0.354501125 0.44775163124999995 0.354684265625 0.45168375000000005 0.38904249062499996 0.47589620468750005 0.40538107968750003 0.47684602343750004 0.41704560312499994 0.47184313125 0.464269665625 0.43540915625 0.482426746875 0.42666987343749996 0.49655267031249994 0.403004015625 0.49659316875000004 0.4023098703125 0.49589568125000005 0.3873345453125
0 0.32111605 0.7386436296875 0.31568030937499997 0.7236563703125001 0.3201654828125 0.7182345421874999 0.320141565625 0.7177210374999999 0.30189225625 0.7187839390625 0.21123554531250002 0.7353826140625 0.21124426562499998 0.7355698312500001 0.22302282343750002 0.749617653125 0.2533213515625 0.7340743203125 0.2742046296875 0.7382474140624999 0.2929736953125 0.7491994296875 0.293017978125 0.7491968499999999 0.307970621875 0.7464591109375001 0.31744220156249997 0.7443250906250001 0.32111674218749997 0.7386584625 0.32111605 0.7386436296875
0 0.5824490171875001 0.7181107546875001 0.5833057671875 0.7166928296874999 0.5823681406250001 0.6965616140625001 0.57852635625 0.671087421875 0.5460512515625 0.6882421625 0.53624000625 0.6601123859375 0.5323968531250001 0.6583564156249999 0.53186944375 0.6583871328125 0.5181919749999999 0.6666788953125 0.5191542734375 0.6873398453124999 0.51996380625 0.6916235328125 0.5339464515625 0.71284961875 0.541505940625 0.7195492765625 0.5647630171875 0.7171930109375 0.571620371875 0.7187414515625 0.5824490171875001 0.7181107546875001