1 0.2001953125 0.49765625 0.2177734375 0.4781250015625 0.2373046875 0.468359375 0.2646484375 0.46640625 0.2978515625 0.480078125 0.3642578125 0.480078125 0.38671875 0.4439453125 0.38671875 0.4341796875 0.40625 0.4146484375 0.421875 0.3833984375 0.423828125 0.3443359375 0.4140625015625 0.3228515625 0.3623046875 0.2906250015625 0.3095703125 0.288671875 0.3017578125 0.30234375 0.287109375 0.3091796875 0.2744140625 0.331640625 0.2080078125 0.3296875 0.1748046875 0.34140625 0.1396484375 0.3453125 0.109375 0.3736328125 0.10156250156249999 0.3892578125 0.10156250156249999 0.5123046875 0.09375 0.5396484375 0.0966796875 0.546484375 0.10546875 0.5455078125 0.1318359375 0.534765625 0.1513671875 0.534765625 0.1748046875 0.5093750015625 0.2001953125 0.49765625
1 0.845703125 0.1314453125 0.8388671875 0.1265625 0.7451171875 0.128515625 0.70703125 0.1587890625 0.65625 0.2310546875 0.642578125 0.2701171875 0.646484375 0.2876953125 0.6728515625 0.316015625 0.7041015625 0.3296875 0.7158203125 0.3531250015625 0.736328125 0.3580078125 0.78515625 0.3130859375 0.80859375 0.2291015625 0.84375 0.1529296875 0.845703125 0.1314453125
1 0.84375 0.1626953125 0.822265625 0.1978515625 0.7890625015625 0.3072265625 0.8828125015625 0.3287109375 0.8994140625 0.323828125 0.916015625 0.2974609375 0.927734375 0.2603515625 0.9296874984375 0.2134765625 0.95703125 0.1724609375 0.958984375 0.1509765625 0.9482421875 0.140234375 0.9033203125 0.1265625 0.8603515625 0.1265625 0.84765625 0.1333984375 0.84375 0.1626953125
1 0.7734374984375 0.5923828125 0.7490234375 0.566015625 0.7001953125 0.597265625 0.681640625 0.6197265625 0.67578125 0.6744140625 0.6640625015625 0.7076171875 0.6728515625 0.718359375 0.705078125 0.7212890625 0.755859375 0.6919921875 0.779296875 0.6314453125 0.78125 0.6158203125 0.7734374984375 0.5923828125
1 0.8515625015625 0.5611328125 0.8427734375 0.5406250015625 0.8056640625 0.52890625 0.75390625 0.5552734375 0.755859375 0.5728515625 0.77734375 0.5982421875 0.78125 0.6294921875 0.798828125 0.6314453125 0.80859375 0.6216796875 0.80859375 0.6021484375 0.8349609375 0.5874999984375 0.8515625015625 0.5611328125
1 0.6513671875 0.63046875 0.6318359375 0.640234375 0.6083984375 0.671484375 0.5576171875 0.6812499984375 0.5517578125 0.6968750015625 0.515625 0.7134765625 0.5205078125 0.72421875 0.5576171875 0.7515625 0.62109375 0.7779296875 0.673828125 0.6724609375 0.67578125 0.6373046875 0.6689453125 0.63046875 0.6513671875 0.63046875
1 0.392578125 0.1880859375 0.3662109375 0.198828125 0.2939453125 0.198828125 0.29296875 0.2173828125 0.310546875 0.2837890625 0.380859375 0.2916015625 0.42578125 0.2427734375 0.4208984375 0.23203125 0.390625 0.2232421875 0.392578125 0.1880859375
1 0.916015625 0.3423828125 0.888671875 0.3951171875 0.9150390625 0.417578125 0.923828125 0.4166015625 0.958984375 0.3970703125 0.98046875 0.3619140625 0.9833984375 0.339453125 0.916015625 0.3423828125
0 0.6982421875 0.3921875 0.6806640625 0.3296875 0.6533203125 0.327734375 0.623046875 0.3541015625 0.60546875 0.3873046875 0.5908203125 0.394140625 0.5498046875 0.3921875 0.5322265625 0.3843750015625 0.5263671875 0.37265625 0.5234374984375 0.3755859375 0.521484375 0.3970703125 0.52734375 0.4087890625 0.5673828125 0.4390625 0.5732421875 0.45078125 0.6064453125 0.4703125 0.689453125 0.4927734375 0.751953125 0.4263671875 0.76171875 0.4009765625 0.7216796875 0.390234375 0.6982421875 0.3921875
0 0.641318434375 0.2681640625 0.6530371828125 0.2408203125 0.6530371828125 0.2212890625 0.6706153078125 0.2056640625 0.6706153078125 0.1939453125 0.6618262453125 0.18515625 0.6501074953125 0.1890625 0.6364356203125 0.206640625 0.6149512453125 0.20859375 0.6012793703125 0.218359375 0.5251074953125 0.2203125 0.4997168703125 0.20859375 0.4801856203125 0.2203125 0.4674903078125 0.2369140625 0.485068434375 0.2896484375 0.5280371828125 0.3619140625 0.5544043703125 0.386328125 0.5885840578125 0.3912109375 0.6081153078125 0.3775390625 0.6237403078125 0.3501953125 0.656943434375 0.3150390625 0.641318434375 0.2681640625
0 0.4970703125 0.1265625 0.484375 0.1353515625 0.482421875 0.1822265625 0.5068359375 0.206640625 0.5361328125 0.218359375 0.5849609375 0.218359375 0.6357421875 0.2046875 0.6455078125 0.218359375 0.658203125 0.2193359375 0.703125 0.1529296875 0.703125 0.1431640625 0.6923828125 0.13046875 0.4970703125 0.1265625
0 0.9677734375 0.3140625 0.9912109375 0.312109375 1 0.3052734375 0.9990234375 0.155859375 0.9775390625 0.167578125 0.93359375 0.2115234375 0.9296874984375 0.2583984375 0.91796875 0.2916015625 0.91796875 0.3365234375 0.943359375 0.3384765625 0.9677734375 0.335546875 0.958984375 0.3326171875 0.96875 0.3287109375 0.9677734375 0.3140625
0 0.9130859375 0.308203125 0.8994140625 0.32578125 0.8876953125 0.3296875 0.7880859375 0.316015625 0.7666015625 0.335546875 0.7529296875 0.339453125 0.7373046875 0.3609375 0.7177734375 0.35703125 0.7021484375 0.33359375 0.689453125 0.3345703125 0.689453125 0.3677734375 0.7021484375 0.386328125 0.7841796875 0.39609375 0.857421875 0.3951171875 0.8818359375 0.390234375 0.896484375 0.3755859375 0.91796875 0.3345703125 0.9130859375 0.308203125
0 0.9775390625 0.566015625 1 0.5630859375 0.9990234375 0.4312499984375 0.9638671875 0.4312499984375 0.9482421875 0.4390625 0.939453125 0.4498046875 0.939453125 0.4947265625 0.927734375 0.5123046875 0.859375 0.5474609375 0.8720703125 0.581640625 0.9140625015625 0.5865234375 0.9638671875 0.58359375 0.962890625 0.5767578125 0.9755859375 0.57578125 0.9775390625 0.566015625
0 0.8818359375 0.394140625 0.8193359375 0.40390625 0.798828125 0.4205078125 0.79296875 0.4419921875 0.810546875 0.4751953125 0.8046874984375 0.5240234375 0.8525390625 0.5406250015625 0.8671874984375 0.5396484375 0.9189453125 0.5171875 0.935546875 0.4908203125 0.931640625 0.4419921875 0.8818359375 0.394140625
0 0.7919921875 0.448828125 0.7822265625 0.45078125 0.7509765625 0.4390625 0.6923828125 0.49765625 0.6669921875 0.4937499984375 0.57421875 0.4595703125 0.56640625 0.4888671875 0.5712890625 0.507421875 0.6259765625 0.52109375 0.6533203125 0.558203125 0.701171875 0.5572265625 0.7724609375 0.54453125 0.802734375 0.5201171875 0.80859375 0.4712890625 0.7919921875 0.448828125
0 0.669921875 0.5904296875 0.650390625 0.5845703125 0.64453125 0.5474609375 0.6201171875 0.52109375 0.5595703125 0.5093750015625 0.53515625 0.5279296875 0.55859375 0.5611328125 0.556640625 0.5982421875 0.5400390625 0.6031250015625 0.53125 0.6236328125 0.5185546875 0.636328125 0.5 0.6431640625 0.5 0.6587890625 0.5146484375 0.6734375 0.556640625 0.6802734375 0.6005859375 0.6734375 0.6240234375 0.644140625 0.673828125 0.6216796875 0.669921875 0.5904296875
1 0.34375 0.6744140625 0.3486328125 0.687109375 0.3701171875 0.687109375 0.3779296875 0.6812499984375 0.3857421875 0.698828125 0.3994140625 0.70078125 0.4326171875 0.694921875 0.45703125 0.6724609375 0.4677734375 0.640234375 0.5087890625 0.6343750015625 0.54296875 0.5962890625 0.552734375 0.5669921875 0.548828125 0.5533203125 0.5205078125 0.526953125 0.3955078125 0.483984375 0.3076171875 0.483984375 0.2685546875 0.4703125 0.2294921875 0.476171875 0.171875 0.5181640625 0.162109375 0.5591796875 0.13671875 0.5845703125 0.130859375 0.6021484375 0.138671875 0.6119140625 0.140625 0.6392578125 0.171875 0.6490234375 0.173828125 0.6685546875 0.19140625 0.6919921875 0.19140625 0.7095703125 0.2060546875 0.71640625 0.244140625 0.7154296875 0.2958984375 0.7046875 0.3564453125 0.66171875 0.359375 0.6666015625 0.34375 0.6744140625