0 0.373046875 0.5689453125 0.37890625 0.5572265625 0.365234375 0.5103515625 0.3388671875 0.483984375 0.3037109375 0.46640625 0.2705078125 0.433203125 0.1845703125 0.384375 0.1513671875 0.374609375 0.1005859375 0.3765625 0.083984375 0.4126953125 0.083984375 0.4380859375 0.095703125 0.4712890625 0.11328125 0.4908203125 0.138671875 0.5474609375 0.173828125 0.6021484375 0.2158203125 0.6421875 0.2294921875 0.64609375 0.2568359375 0.665625 0.267578125 0.6646484375 0.3447265625 0.655859375 0.365234375 0.6373046875 0.373046875 0.6060546875 0.373046875 0.5689453125
0 0.5498046875 0.726171875 0.5107421875 0.7046875 0.5009765625 0.702734375 0.4931640625 0.70859375 0.494140625 0.7017578125 0.4873046875 0.6890625 0.3896484375 0.63828125 0.3681640625 0.640234375 0.345703125 0.6626953125 0.306640625 0.7486328125 0.3095703125 0.761328125 0.544921875 0.7623046875 0.556640625 0.7583984375 0.564453125 0.7349609375 0.5595703125 0.726171875 0.5498046875 0.726171875
0 0.2744140625 0.66171875 0.2587890625 0.667578125 0.2392578125 0.651953125 0.2275390625 0.64609375 0.2197265625 0.648046875 0.1748046875 0.60703125 0.169921875 0.6216796875 0.171875 0.6373046875 0.1953125 0.6880859375 0.2236328125 0.714453125 0.2490234375 0.726171875 0.265625 0.7251953125 0.3056640625 0.71640625 0.31640625 0.7076171875 0.30859375 0.6646484375 0.2744140625 0.66171875
0 0.8359375 0.6763671875 0.8134765625 0.665625 0.7724609375 0.6734375 0.7607421875 0.66953125 0.7353515625 0.6734375 0.7080078125 0.69296875 0.6611328125 0.706640625 0.6298828125 0.726171875 0.5966796875 0.73984375 0.587890625 0.7525390625 0.5908203125 0.761328125 0.74609375 0.7623046875 0.8154296875 0.759375 0.82421875 0.7251953125 0.837890625 0.7017578125 0.8359375 0.6763671875
0 0.8017578125 0.61484375 0.8251953125 0.603125 0.83984375 0.5865234375 0.845703125 0.5591796875 0.8212890625 0.52109375 0.7998046875 0.5171875 0.7470703125 0.52109375 0.72265625 0.5416015625 0.724609375 0.5689453125 0.7177734375 0.58359375 0.7099609375 0.57578125 0.7041015625 0.57578125 0.66015625 0.5884765625 0.650390625 0.6080078125 0.65234375 0.6255859375 0.658203125 0.6353515625 0.65625 0.6412109375 0.6826171875 0.665625 0.6923828125 0.66953125 0.708984375 0.6685546875 0.7431640625 0.659765625 0.7685546875 0.64609375 0.7900390625 0.632421875 0.8017578125 0.61484375
0 0.916015625 0.6255859375 0.8876953125 0.5953125 0.8759765625 0.5953125 0.8603515625 0.603125 0.8271484375 0.603125 0.8056640625 0.61484375 0.7919921875 0.634375 0.7783203125 0.640234375 0.767578125 0.6509765625 0.7705078125 0.66953125 0.8134765625 0.663671875 0.8349609375 0.6734375 0.841796875 0.6900390625 0.841796875 0.7095703125 0.853515625 0.7095703125 0.8837890625 0.70078125 0.908203125 0.6724609375 0.916015625 0.6451171875 0.916015625 0.6255859375
1 0.650390625 0.4966796875 0.66015625 0.4595703125 0.66015625 0.4458984375 0.65234375 0.4302734375 0.66015625 0.3951171875 0.6396484375 0.366796875 0.5927734375 0.339453125 0.5673828125 0.3375 0.5068359375 0.3453125 0.4736328125 0.35703125 0.4169921875 0.351171875 0.3466796875 0.374609375 0.3212890625 0.37265625 0.306640625 0.3833984375 0.296875 0.4087890625 0.296875 0.4537109375 0.30078125 0.4615234375 0.361328125 0.4947265625 0.3857421875 0.5640625 0.4130859375 0.569921875 0.4208984375 0.5796875 0.46484375 0.5826171875 0.5205078125 0.573828125 0.5869140625 0.550390625 0.6103515625 0.534765625 0.650390625 0.4966796875
1 0.890625 0.4341796875 0.880859375 0.4029296875 0.853515625 0.3775390625 0.837890625 0.3541015625 0.8349609375 0.319921875 0.8076171875 0.319921875 0.7607421875 0.33359375 0.7216796875 0.355078125 0.6708984375 0.374609375 0.66015625 0.3833984375 0.662109375 0.4087890625 0.65625 0.4244140625 0.666015625 0.4458984375 0.66015625 0.4771484375 0.6689453125 0.4859375 0.7294921875 0.515234375 0.82421875 0.5162109375 0.8349609375 0.51328125 0.8671875 0.4791015625 0.8828125 0.4556640625 0.890625 0.4341796875
1 0.9287109375 0.43125 0.9111328125 0.43515625 0.9013671875 0.446875 0.8837890625 0.456640625 0.869140625 0.4791015625 0.837890625 0.5123046875 0.837890625 0.5396484375 0.845703125 0.5513671875 0.8623046875 0.5640625 0.87890625 0.5630859375 0.890625 0.5552734375 0.93359375 0.4908203125 0.935546875 0.4517578125 0.9287109375 0.43125
1 0.6982421875 0.577734375 0.7197265625 0.569921875 0.72265625 0.5630859375 0.716796875 0.5494140625 0.71875 0.5298828125 0.6962890625 0.5015625 0.6591796875 0.48203125 0.65234375 0.4966796875 0.6005859375 0.54453125 0.5615234375 0.562109375 0.484375 0.5845703125 0.4921875 0.6001953125 0.5009765625 0.60703125 0.5390625 0.6080078125 0.6357421875 0.5875 0.6494140625 0.589453125 0.6669921875 0.581640625 0.6982421875 0.577734375
1 0.6865234375 0.696875 0.7119140625 0.68515625 0.716796875 0.6763671875 0.7080078125 0.671484375 0.6826171875 0.66953125 0.6474609375 0.63828125 0.6083984375 0.63828125 0.60546875 0.6412109375 0.607421875 0.7056640625 0.59765625 0.7271484375 0.615234375 0.7271484375 0.6318359375 0.7203125 0.6435546875 0.706640625 0.6572265625 0.706640625 0.6865234375 0.696875