0 0.47987074375 0.1977336015625 0.47398678437499997 0.195111565625 0.43180671875 0.1958478203125 0.4264022234375 0.1992011421875 0.402242484375 0.2251721 0.3636226171875 0.27541392187499997 0.3283686453125 0.3072814875 0.321411234375 0.3213451625 0.35065730156249997 0.3735240453125 0.44221288281250004 0.4358508625 0.45019648593749995 0.4357115078125 0.4534035328125 0.43514939375 0.49043192500000005 0.4270784296875 0.5236356125 0.3849761953125 0.525854240625 0.28965491718749997 0.5226178796875 0.2821266765625 0.5152562671875 0.230064071875 0.5006175546875 0.21089349687499997 0.47987074375 0.1977336015625
0 0.5571886203124999 0.296561640625 0.5501682890625 0.31481195 0.5563129796874999 0.3349763609375 0.554975675 0.378395278125 0.559583034375 0.4028279125 0.56941639375 0.42019604531250004 0.577433346875 0.42568125468750007 0.5883534046875 0.42549064375 0.6014838828125 0.42360509375 0.6294185921875 0.41727039687499995 0.6535848515625 0.39620982968749996 0.6594737187499999 0.3868737921875 0.660537384375 0.341174403125 0.6538511265625 0.31481763281249997 0.6080363015625 0.280282815625 0.580032225 0.280771628125 0.5571886203124999 0.296561640625
0 0.6900921203125 0.390635825 0.683413953125 0.4260635203125 0.688488853125 0.4408486390625 0.6700576234375 0.4969189140625 0.6973994968749999 0.517557403125 0.7144252890625 0.521687559375 0.721419575 0.5215654734374999 0.7250123578125 0.5201895828125 0.7990955 0.47626406875000005 0.8140721750000001 0.4551034984375 0.814387159375 0.44157045000000006 0.8107554406249999 0.440689459375 0.814543678125 0.4348458234375 0.8154992859375 0.39378898125 0.780004015625 0.36500772656249997 0.7274332015625 0.358860140625 0.7217900609375001 0.3589586421875 0.6900921203125 0.390635825
0 0.6728398171875 0.2892656 0.660023671875 0.306902359375 0.6594453296875 0.33175026406249997 0.6651939296875 0.3496709765625 0.67456191875 0.3619239265625 0.6970038328125 0.3728132421875 0.7049169203125001 0.393232815625 0.708720290625 0.39371419375 0.71414081875 0.393619578125 0.7322187328124999 0.37626414375 0.7470424703125 0.3217978203125 0.7575060453125 0.300585153125 0.758393659375 0.2973238234375 0.7584823140625 0.2935148515625 0.7442559875 0.2781821515625 0.7204109796875 0.26978299843750003 0.7150746796874999 0.26987614375 0.6728398171875 0.2892656
0 0.5952567296875 0.2131448765625 0.5859722140625 0.1952784109375 0.578323921875 0.195050553125 0.577265190625 0.1952804828125 0.545111840625 0.20713464374999999 0.5244275328125 0.228873915625 0.5241632546874999 0.2402283984375 0.524915628125 0.2443273890625 0.523993396875 0.2475261828125 0.52371096875 0.259660459375 0.5511637296874999 0.2886956546875 0.5737438359375 0.28830151718749997 0.6279879312500001 0.2765211109375 0.6521649843749999 0.23115811874999997 0.65244021875 0.21933295625000002 0.6516125640625 0.21482382968749997 0.64819866875 0.21258281562499998 0.6077743390625 0.22136192968750001 0.5952567296875 0.2131448765625
0 0.0772965078125 0.437754246875 0.067425340625 0.44291920625000003 0.037402359375 0.4819824515625 0.027180446874999997 0.540321553125 0.031938690625 0.567878090625 0.038592165625 0.5730008921875 0.110318246875 0.5790882421875 0.12125649999999999 0.5788973140625 0.13648739375000002 0.5764079921875 0.1476646453125 0.5674467937500001 0.14908229374999998 0.5065388125 0.13889469062499998 0.4933407265625 0.130858046875 0.45001812656249995 0.116964025 0.437061846875 0.0772965078125 0.437754246875
0 0.1093042125 0.5143926249999999 0.1063902125 0.521109921875 0.10633234375 0.5235961921875 0.1167905296875 0.5637524375 0.1186533296875 0.591343465625 0.112349740625 0.6087212671875 0.114379478125 0.6182767796874999 0.13181059687500002 0.6344632375 0.145985890625 0.692481821875 0.15732918906249999 0.6922838234375 0.158924709375 0.6915295031250001 0.1861354046875 0.6592926453125 0.18679929374999998 0.6307692296875 0.16889231093749998 0.5643563609375 0.147688159375 0.520996671875 0.1207656203125 0.5118858484375 0.1093042125 0.5143926249999999
0 0.5013559125 0.6470092843749999 0.5069274296875 0.6618914203124999 0.5016431875 0.6826432078125 0.505392440625 0.6902650671874999 0.5134055953125001 0.6897920234375 0.555853140625 0.7103174046875 0.59198946875 0.70968664375 0.645164846875 0.68486586875 0.66557546875 0.66155050625 0.6658952421875 0.647811753125 0.665063059375 0.6470896328125 0.5629416859374999 0.6091488078125 0.5027861796875001 0.625534321875 0.5013559125 0.6470092843749999
1 0.47381902499999995 0.449016603125 0.364569459375 0.4521404765625 0.35888646562500004 0.456235959375 0.35519971875 0.48745565468749996 0.34417310625 0.515564034375 0.32807982343750003 0.5389229140625 0.32412494999999997 0.5607266171874999 0.3233957203125 0.5920572843749999 0.338264384375 0.618951975 0.3707679078125 0.6358520984375 0.37635485 0.6486274953125 0.43367144843750005 0.6812492484375 0.45210821875 0.6965096281250001 0.4985582046875 0.695698840625 0.523751796875 0.6323779046875 0.5296240937500001 0.6000032234375 0.535073828125 0.5645847984375 0.5355861265625 0.5425744140625001 0.533833040625 0.5048969343749999 0.515669875 0.474302015625 0.50956265625 0.45350073125 0.47381902499999995 0.449016603125
1 0.6042277109375 0.47535591874999994 0.5904750140624999 0.46824879687500004 0.5605811828125 0.48468578593749995 0.5361371765625 0.5110094015625 0.540388425 0.544260090625 0.5527037046875 0.5777963921875 0.5564641921875 0.641292659375 0.5583962328125 0.6431128109375 0.5651556203125 0.6429948265625 0.5998849500000001 0.6109125796875 0.662503871875 0.605564690625 0.6638183203125 0.6028365828125 0.665907340625 0.5130837296874999 0.6561596828125 0.4954003203125 0.6341128265625 0.4749958203125 0.6194091125 0.472110746875 0.6042277109375 0.47535591874999994
1 0.3193373484375 0.4357812984375 0.285010665625 0.4164087125 0.2501372234375 0.40878289062500006 0.2356134328125 0.4264828984375 0.1970509078125 0.456066578125 0.1703320171875 0.4604988 0.1696946640625 0.4878821078125 0.1707120046875 0.496343971875 0.2099784078125 0.5147091390625 0.23556316093750002 0.55370530625 0.27808500625 0.5652010828125 0.31810242031249997 0.58845503125 0.33749680937500004 0.5922565343749999 0.33950406875 0.5953920375 0.3711763765625 0.5948391953125001 0.383321225 0.55382285 0.38068167656249996 0.5264365468750001 0.3848786734375 0.508483621875 0.3855520703125 0.4795517421875 0.36848319687500003 0.4521316296875 0.374447315625 0.45013961093750005 0.37173863749999997 0.4452622375 0.3193373484375 0.4357812984375
1 0.23871431406250002 0.5724593515625 0.216504315625 0.572847028125 0.20814674531250002 0.5734030515625 0.1785149015625 0.6017476671875001 0.1716084046875 0.6662564265625 0.182120496875 0.6711435125 0.2528698609375 0.661369828125 0.2693307859375 0.664302134375 0.2774568890625 0.6994887921874999 0.28490905624999996 0.788454415625 0.31445918281249996 0.7879386171875 0.324132634375 0.7874555796875 0.3200936828125 0.7483593187500001 0.33508475312499997 0.7018146234375 0.3369770125 0.6205154375 0.3274817375 0.6105451140625 0.26322688437499997 0.6066351484375 0.24785732187499998 0.58024510625 0.23871431406250002 0.5724593515625
1 0.0920733671875 0.33589333906249996 0.0495630359375 0.32623024218749996 0.0397366984375 0.2915550734375 0.02786019375 0.2908215578125 0.0239484671875 0.30369544843749996 0.0243725671875 0.3411487578125 0.0365317171875 0.42059264531249996 0.054676337500000005 0.4463448125 0.057127028125 0.4567326484375 0.0702547828125 0.4712187375 0.086285746875 0.47486276250000004 0.1375210234375 0.4739684484375 0.15407134218750002 0.4630400078125 0.15481303125 0.461635275 0.15708888593749998 0.3638552671875 0.1568992421875 0.3634090171875 0.147826934375 0.35053293281250003 0.11992657343749999 0.3500893125 0.0920733671875 0.33589333906249996
1 0.1460906296875 0.42359585 0.1447609953125 0.48072233906250006 0.14839937812499998 0.4815878921875 0.154069978125 0.48148891093749996 0.162627309375 0.463909146875 0.1734296875 0.4533142921875 0.182485934375 0.431396153125 0.22566543437500003 0.4313246640625 0.27298968125 0.417091846875 0.273060559375 0.4140465953125 0.2679254875 0.39586591718749997 0.2466825234375 0.3611705984375 0.23594879687499998 0.36135795625 0.23327111562499997 0.36185663125 0.21085968125000001 0.37890503125 0.15268162968750001 0.40813208906250004 0.1460906296875 0.42359585
1 0.6462938921875 0.21508650468749999 0.6616503453125 0.2161909546875 0.6545502828124999 0.24796268437500002 0.662690246875 0.2528938234375 0.7155480125 0.25615087812500004 0.7262970421875 0.255963253125 0.73281141875 0.2547087703125 0.7396817953125 0.2529679609375 0.7431114875 0.24750313125 0.753057678125 0.1910588953125 0.7533871578125 0.17690308593749998 0.6395561484375001 0.202806434375 0.6379792578125 0.207535378125 0.63822564375 0.20865283125 0.6462938921875 0.21508650468749999