0 0.5263671875 0.537890625 0.5283203125 0.528125 0.5322265625 0.537890625 0.5869140625 0.5359375 0.5908203125 0.530078125 0.6123046875 0.5203125 0.625 0.5017578125 0.625 0.4724609375 0.64453125 0.4236328125 0.642578125 0.3923828125 0.6328125 0.3669921875 0.6162109375 0.354296875 0.5908203125 0.346484375 0.5087890625 0.342578125 0.4873046875 0.35234375 0.46484375 0.3767578125 0.4619140625 0.385546875 0.4482421875 0.3875 0.4326171875 0.397265625 0.416015625 0.4177734375 0.40625 0.4529296875 0.3828125 0.4763671875 0.369140625 0.5173828125 0.369140625 0.5369140625 0.3759765625 0.549609375 0.4140625 0.5486328125 0.4580078125 0.545703125 0.4853515625 0.5359375 0.5107421875 0.533984375 0.5263671875 0.537890625
0 0.810546875 0.3650390625 0.7939453125 0.350390625 0.7626953125 0.338671875 0.7275390625 0.340625 0.6923828125 0.358203125 0.650390625 0.3923828125 0.6484375 0.4158203125 0.6572265625 0.428515625 0.6962890625 0.43828125 0.7197265625 0.45 0.7353515625 0.465625 0.767578125 0.4646484375 0.8095703125 0.45 0.82421875 0.4333984375 0.82421875 0.3904296875 0.810546875 0.3650390625
0 0.736328125 0.4724609375 0.7236328125 0.45390625 0.6748046875 0.432421875 0.6533203125 0.428515625 0.64453125 0.4333984375 0.630859375 0.4587890625 0.623046875 0.5134765625 0.6123046875 0.526171875 0.595703125 0.5349609375 0.5986328125 0.53984375 0.6259765625 0.549609375 0.64453125 0.5486328125 0.6552734375 0.53984375 0.6845703125 0.53984375 0.734375 0.5134765625 0.736328125 0.4724609375
0 0.83203125 0.6013671875 0.80859375 0.5505859375 0.7607421875 0.528125 0.7353515625 0.5359375 0.73046875 0.5486328125 0.7158203125 0.56328125 0.6904296875 0.57109375 0.6796875 0.5876953125 0.6865234375 0.5984375 0.7197265625 0.5984375 0.7275390625 0.60234375 0.732421875 0.6091796875 0.72265625 0.6248046875 0.7275390625 0.6296875 0.751953125 0.6287109375 0.7744140625 0.62578125 0.7919921875 0.6140625 0.8193359375 0.6140625 0.83203125 0.6013671875
0 0.8310546875 0.440234375 0.8212890625 0.4421875 0.8056640625 0.45390625 0.7822265625 0.459765625 0.7548828125 0.483203125 0.740234375 0.4900390625 0.73828125 0.5115234375 0.7568359375 0.52421875 0.7978515625 0.541796875 0.830078125 0.5427734375 0.83984375 0.5330078125 0.8515625 0.5037109375 0.8515625 0.4919921875 0.8310546875 0.440234375
0 0.859375 0.6970703125 0.869140625 0.6443359375 0.8232421875 0.619921875 0.7197265625 0.63359375 0.703125 0.6580078125 0.697265625 0.6833984375 0.724609375 0.7126953125 0.7373046875 0.733203125 0.75390625 0.7341796875 0.8017578125 0.72734375 0.8349609375 0.709765625 0.8505859375 0.709765625 0.859375 0.6970703125
1 0.373046875 0.4353515625 0.3828125 0.4236328125 0.3828125 0.4080078125 0.39453125 0.3982421875 0.380859375 0.3826171875 0.373046875 0.3591796875 0.3603515625 0.346484375 0.3291015625 0.33671875 0.2919921875 0.334765625 0.1591796875 0.34453125 0.0966796875 0.34453125 0.091796875 0.3474609375 0.09375 0.3826171875 0.11328125 0.4822265625 0.1279296875 0.506640625 0.140625 0.5076171875 0.1943359375 0.491015625 0.3212890625 0.4734375 0.3525390625 0.455859375 0.373046875 0.4353515625
1 0.6240234375 0.725390625 0.6337890625 0.715625 0.6611328125 0.701953125 0.685546875 0.6794921875 0.724609375 0.6169921875 0.724609375 0.6072265625 0.7138671875 0.600390625 0.6826171875 0.5984375 0.67578125 0.5837890625 0.67578125 0.5662109375 0.6630859375 0.5515625 0.6279296875 0.55546875 0.5947265625 0.541796875 0.4736328125 0.545703125 0.3466796875 0.561328125 0.330078125 0.5720703125 0.322265625 0.5896484375 0.3203125 0.6580078125 0.326171875 0.6755859375 0.341796875 0.6931640625 0.353515625 0.7166015625 0.3837890625 0.75078125 0.4052734375 0.760546875 0.443359375 0.7615234375 0.4990234375 0.74296875 0.5205078125 0.7390625 0.5576171875 0.74296875 0.6240234375 0.725390625
1 0.31640625 0.6013671875 0.322265625 0.5818359375 0.3193359375 0.5671875 0.2783203125 0.549609375 0.2451171875 0.526171875 0.2255859375 0.5203125 0.1865234375 0.498828125 0.1708984375 0.498828125 0.1552734375 0.50859375 0.1298828125 0.50859375 0.12109375 0.5037109375 0.109375 0.4822265625 0.109375 0.4744140625 0.0986328125 0.465625 0.0751953125 0.467578125 0.015625 0.5232421875 0.01171875 0.5388671875 0.013671875 0.5583984375 0.0234375 0.5720703125 0.0341796875 0.60234375 0.0478515625 0.60625 0.0966796875 0.57890625 0.1318359375 0.584765625 0.1494140625 0.596484375 0.189453125 0.6384765625 0.2099609375 0.68046875 0.25390625 0.6853515625 0.2744140625 0.66484375 0.3037109375 0.65703125 0.3125 0.6501953125 0.31640625 0.6013671875
1 0.1513671875 0.600390625 0.1103515625 0.57890625 0.0966796875 0.57890625 0.0439453125 0.608203125 0.025390625 0.6248046875 0.01953125 0.6404296875 0.017578125 0.6892578125 0.0322265625 0.76640625 0.20703125 0.7673828125 0.208984375 0.7166015625 0.205078125 0.6775390625 0.18359375 0.6345703125 0.1513671875 0.600390625
1 0.390625 0.4529296875 0.404296875 0.4451171875 0.3994140625 0.43828125 0.3759765625 0.432421875 0.3525390625 0.4578125 0.3310546875 0.471484375 0.3193359375 0.47734375 0.2724609375 0.483203125 0.244140625 0.5095703125 0.24609375 0.5232421875 0.2646484375 0.537890625 0.3212890625 0.5671875 0.326171875 0.5662109375 0.365234375 0.5486328125 0.36328125 0.5154296875 0.3671875 0.4919921875 0.390625 0.4529296875
1 0.93359375 0.3572265625 0.9013671875 0.325 0.8740234375 0.323046875 0.8544921875 0.32890625 0.8466796875 0.323046875 0.837890625 0.3337890625 0.822265625 0.3767578125 0.841796875 0.4236328125 0.8515625 0.4705078125 0.8701171875 0.48515625 0.9052734375 0.49296875 0.921875 0.4919921875 0.931640625 0.4880859375 0.939453125 0.4607421875 0.939453125 0.3787109375 0.93359375 0.3572265625