0 0.5009765625 0.621875 0.5380859375 0.61796875 0.552734375 0.6091796875 0.560546875 0.5896484375 0.556640625 0.5525390625 0.548828125 0.5291015625 0.5234375 0.4841796875 0.50390625 0.4333984375 0.4912109375 0.420703125 0.4306640625 0.46171875 0.4228515625 0.46171875 0.4052734375 0.448046875 0.3955078125 0.45 0.375 0.4841796875 0.365234375 0.5896484375 0.37109375 0.6091796875 0.38671875 0.6345703125 0.3974609375 0.6453125 0.4140625 0.6443359375 0.4443359375 0.6375 0.4541015625 0.6296875 0.4755859375 0.6296875 0.5009765625 0.621875
0 0.6484375 0.6384765625 0.654296875 0.6072265625 0.65234375 0.5740234375 0.6435546875 0.565234375 0.6240234375 0.557421875 0.6064453125 0.557421875 0.5751953125 0.57109375 0.55859375 0.5994140625 0.55859375 0.6384765625 0.5703125 0.6794921875 0.5869140625 0.690234375 0.607421875 0.6892578125 0.6181640625 0.686328125 0.62890625 0.6755859375 0.634765625 0.6501953125 0.6484375 0.6384765625
0 0.6943359375 0.5671875 0.6611328125 0.5671875 0.6455078125 0.561328125 0.65234375 0.5740234375 0.65234375 0.6189453125 0.642578125 0.6521484375 0.6494140625 0.65703125 0.6533203125 0.653125 0.6591796875 0.65703125 0.6875 0.6560546875 0.72265625 0.6267578125 0.724609375 0.6150390625 0.716796875 0.5955078125 0.6943359375 0.5671875
0 0.666015625 0.5193359375 0.66015625 0.4568359375 0.6357421875 0.432421875 0.6044921875 0.444140625 0.552734375 0.4880859375 0.5576171875 0.498828125 0.59765625 0.5134765625 0.6015625 0.5544921875 0.61328125 0.5544921875 0.6337890625 0.553515625 0.6474609375 0.54765625 0.66015625 0.5369140625 0.666015625 0.5193359375
0 0.6259765625 0.36015625 0.5830078125 0.3640625 0.5810546875 0.371875 0.611328125 0.3845703125 0.626953125 0.4255859375 0.646484375 0.4353515625 0.662109375 0.4041015625 0.662109375 0.3884765625 0.65625 0.3787109375 0.6259765625 0.36015625
0 0.7646484375 0.276171875 0.7412109375 0.276171875 0.71484375 0.2986328125 0.7109375 0.3220703125 0.7412109375 0.340625 0.755859375 0.3552734375 0.7666015625 0.37578125 0.80078125 0.3748046875 0.80859375 0.3708984375 0.81640625 0.3494140625 0.8125 0.3201171875 0.7646484375 0.276171875
0 0.8447265625 0.528125 0.8291015625 0.522265625 0.8212890625 0.530078125 0.806640625 0.5349609375 0.806640625 0.5603515625 0.794921875 0.5837890625 0.8095703125 0.592578125 0.8271484375 0.59453125 0.830078125 0.6130859375 0.837890625 0.6130859375 0.8515625 0.6033203125 0.857421875 0.5876953125 0.85546875 0.5388671875 0.8447265625 0.528125
0 0.826171875 0.6189453125 0.830078125 0.6013671875 0.8212890625 0.592578125 0.8076171875 0.592578125 0.7822265625 0.57890625 0.7607421875 0.549609375 0.7451171875 0.55546875 0.7138671875 0.553515625 0.701171875 0.5662109375 0.712890625 0.5759765625 0.708984375 0.5798828125 0.724609375 0.6111328125 0.724609375 0.6248046875 0.69921875 0.6541015625 0.724609375 0.6716796875 0.744140625 0.7087890625 0.75390625 0.7087890625 0.7890625 0.6873046875 0.794921875 0.6716796875 0.791015625 0.6501953125 0.826171875 0.6189453125
0 0.7373046875 0.709765625 0.7421875 0.7048828125 0.73046875 0.6814453125 0.7001953125 0.65703125 0.6572265625 0.662890625 0.640625 0.6814453125 0.634765625 0.7029296875 0.59765625 0.7341796875 0.59765625 0.7400390625 0.6083984375 0.744921875 0.6748046875 0.75859375 0.703125 0.7576171875 0.732421875 0.7458984375 0.73828125 0.7302734375 0.724609375 0.7087890625 0.7373046875 0.709765625
0 0.17578125 0.5916015625 0.173828125 0.5798828125 0.166015625 0.5740234375 0.173828125 0.5544921875 0.173828125 0.5310546875 0.1474609375 0.50859375 0.1162109375 0.50078125 0.0791015625 0.483203125 0.0625 0.5037109375 0.0625 0.5134765625 0.052734375 0.5330078125 0.05078125 0.5916015625 0.0771484375 0.62578125 0.123046875 0.6326171875 0.142578125 0.6169921875 0.1513671875 0.5984375 0.1689453125 0.5984375 0.17578125 0.5916015625
1 0.1826171875 0.369921875 0.1611328125 0.366015625 0.1416015625 0.369921875 0.1025390625 0.3875 0.04296875 0.4451171875 0.025390625 0.4724609375 0.03125 0.4841796875 0.0498046875 0.498828125 0.0615234375 0.50078125 0.0751953125 0.483203125 0.0908203125 0.48515625 0.0966796875 0.49296875 0.1494140625 0.506640625 0.1611328125 0.5203125 0.173828125 0.5251953125 0.203125 0.5017578125 0.220703125 0.4314453125 0.193359375 0.3806640625 0.1826171875 0.369921875
1 0.2763671875 0.5671875 0.3046875 0.5623046875 0.306640625 0.5486328125 0.2802734375 0.48515625 0.2548828125 0.487109375 0.2138671875 0.50078125 0.189453125 0.5173828125 0.1796875 0.5349609375 0.177734375 0.5642578125 0.185546875 0.5857421875 0.203125 0.5994140625 0.208984375 0.5720703125 0.2177734375 0.55546875 0.2314453125 0.553515625 0.2763671875 0.5671875
1 0.3916015625 0.6453125 0.376953125 0.6248046875 0.3583984375 0.573046875 0.294921875 0.5642578125 0.3046875 0.5525390625 0.2802734375 0.487109375 0.2529296875 0.4890625 0.2080078125 0.5046875 0.185546875 0.5232421875 0.1796875 0.5349609375 0.177734375 0.5720703125 0.1796875 0.5818359375 0.201171875 0.6072265625 0.201171875 0.6208984375 0.1875 0.6501953125 0.185546875 0.6658203125 0.1904296875 0.67265625 0.3583984375 0.7 0.3984375 0.7029296875 0.40625 0.6990234375 0.412109375 0.6580078125 0.4033203125 0.64921875 0.3916015625 0.6453125
1 0.6064453125 0.38359375 0.5634765625 0.36796875 0.498046875 0.4119140625 0.49609375 0.4197265625 0.51171875 0.4451171875 0.515625 0.4626953125 0.53515625 0.4900390625 0.5556640625 0.46953125 0.626953125 0.4294921875 0.623046875 0.4099609375 0.6064453125 0.38359375
1 0.76171875 0.3708984375 0.7470703125 0.3484375 0.7216796875 0.3328125 0.6982421875 0.330859375 0.6884765625 0.334765625 0.6787109375 0.3328125 0.6669921875 0.323046875 0.6552734375 0.323046875 0.65234375 0.3572265625 0.666015625 0.4001953125 0.65234375 0.4275390625 0.650390625 0.4412109375 0.66015625 0.4509765625 0.6640625 0.4666015625 0.66796875 0.5349609375 0.6728515625 0.541796875 0.6904296875 0.54765625 0.740234375 0.5525390625 0.744140625 0.5154296875 0.759765625 0.5017578125 0.763671875 0.4470703125 0.76171875 0.3708984375