0 0.5224609375 0.35625 0.53125 0.3435546875 0.509765625 0.2869140625 0.4267578125 0.2078125 0.3798828125 0.209765625 0.322265625 0.2634765625 0.3203125 0.3181640625 0.328125 0.3474609375 0.328125 0.4001953125 0.33984375 0.4216796875 0.3583984375 0.43828125 0.3818359375 0.45390625 0.39453125 0.4529296875 0.4111328125 0.44609375 0.4384765625 0.424609375 0.4833984375 0.381640625 0.5224609375 0.35625
0 0.669921875 0.3474609375 0.66796875 0.3220703125 0.66015625 0.3025390625 0.6513671875 0.29375 0.6044921875 0.28984375 0.5751953125 0.307421875 0.564453125 0.3201171875 0.560546875 0.3455078125 0.56640625 0.3884765625 0.6123046875 0.43828125 0.634765625 0.4392578125 0.6591796875 0.428515625 0.66796875 0.4119140625 0.6640625 0.3904296875 0.669921875 0.3474609375
0 0.81640625 0.4705078125 0.826171875 0.4607421875 0.83203125 0.4275390625 0.8017578125 0.389453125 0.7470703125 0.369921875 0.708984375 0.3943359375 0.6953125 0.4275390625 0.697265625 0.4431640625 0.66796875 0.4939453125 0.6904296875 0.5203125 0.7099609375 0.530078125 0.716796875 0.5291015625 0.7978515625 0.502734375 0.822265625 0.4802734375 0.82421875 0.4744140625 0.81640625 0.4705078125
0 0.7578125 0.3474609375 0.76171875 0.3298828125 0.7529296875 0.309375 0.7138671875 0.283984375 0.6845703125 0.28984375 0.6640625 0.3044921875 0.669921875 0.3318359375 0.669921875 0.3865234375 0.68359375 0.4060546875 0.69140625 0.4080078125 0.7060546875 0.3875 0.7314453125 0.3796875 0.744140625 0.3689453125 0.7578125 0.3474609375
0 0.52734375 0.2537109375 0.5322265625 0.25859375 0.5732421875 0.25859375 0.583984375 0.2693359375 0.58984375 0.2888671875 0.59765625 0.2908203125 0.6318359375 0.2859375 0.658203125 0.2673828125 0.658203125 0.2537109375 0.6640625 0.2419921875 0.6376953125 0.2 0.5634765625 0.2 0.53125 0.2400390625 0.52734375 0.2537109375
0 0.162109375 0.5017578125 0.1640625 0.4744140625 0.158203125 0.4548828125 0.1435546875 0.4421875 0.1240234375 0.43828125 0.0458984375 0.4421875 0.0390625 0.4470703125 0.033203125 0.4744140625 0.041015625 0.5330078125 0.0693359375 0.573046875 0.0830078125 0.580859375 0.107421875 0.5837890625 0.1181640625 0.580859375 0.1328125 0.5681640625 0.142578125 0.5251953125 0.162109375 0.5017578125
0 0.1875 0.5857421875 0.18359375 0.5583984375 0.185546875 0.5154296875 0.1806640625 0.50859375 0.1689453125 0.50859375 0.14453125 0.5232421875 0.1328125 0.5701171875 0.12890625 0.6423828125 0.134765625 0.6658203125 0.1689453125 0.6921875 0.181640625 0.6951171875 0.18359375 0.6306640625 0.197265625 0.6111328125 0.197265625 0.6013671875 0.1875 0.5857421875
0 0.671875 0.6404296875 0.6669921875 0.63359375 0.6591796875 0.635546875 0.6025390625 0.619921875 0.5908203125 0.621875 0.5302734375 0.66484375 0.51171875 0.6951171875 0.51171875 0.7029296875 0.5166015625 0.705859375 0.623046875 0.7244140625 0.6796875 0.6970703125 0.677734375 0.6755859375 0.669921875 0.6619140625 0.671875 0.6404296875
1 0.552734375 0.5291015625 0.537109375 0.4529296875 0.5302734375 0.44609375 0.4951171875 0.45 0.4716796875 0.463671875 0.4091796875 0.487109375 0.4013671875 0.498828125 0.3662109375 0.510546875 0.341796875 0.5408203125 0.341796875 0.5876953125 0.353515625 0.6130859375 0.359375 0.6423828125 0.357421875 0.6736328125 0.3623046875 0.678515625 0.4697265625 0.698046875 0.505859375 0.6990234375 0.515625 0.6794921875 0.5390625 0.6521484375 0.55078125 0.6013671875 0.552734375 0.5291015625
1 0.677734375 0.5876953125 0.681640625 0.5408203125 0.67578125 0.5193359375 0.6591796875 0.494921875 0.6455078125 0.4890625 0.6298828125 0.4890625 0.6181640625 0.479296875 0.5849609375 0.4890625 0.5546875 0.5095703125 0.55078125 0.5427734375 0.5546875 0.5779296875 0.54296875 0.6404296875 0.546875 0.6462890625 0.5927734375 0.619921875 0.6552734375 0.627734375 0.6640625 0.6169921875 0.677734375 0.5876953125
1 0.3330078125 0.5515625 0.3603515625 0.5125 0.400390625 0.4939453125 0.40625 0.4587890625 0.3759765625 0.45390625 0.3388671875 0.424609375 0.3251953125 0.40703125 0.2900390625 0.41484375 0.2548828125 0.434375 0.2021484375 0.444140625 0.19921875 0.4490234375 0.205078125 0.4509765625 0.185546875 0.4802734375 0.18359375 0.4939453125 0.189453125 0.5251953125 0.185546875 0.5525390625 0.19921875 0.6072265625 0.216796875 0.6091796875 0.2294921875 0.590625 0.2490234375 0.58671875 0.2900390625 0.56328125 0.3330078125 0.5515625
1 0.3427734375 0.678515625 0.353515625 0.6736328125 0.349609375 0.6091796875 0.3212890625 0.580859375 0.2919921875 0.57890625 0.28125 0.5876953125 0.2646484375 0.6140625 0.2001953125 0.61796875 0.1875 0.6306640625 0.18359375 0.6501953125 0.185546875 0.6990234375 0.201171875 0.7556640625 0.1953125 0.7947265625 0.234375 0.7966796875 0.24609375 0.7068359375 0.255859375 0.6716796875 0.2724609375 0.66875 0.3427734375 0.678515625
1 0.1435546875 0.440234375 0.154296875 0.4294921875 0.1640625 0.4138671875 0.169921875 0.3904296875 0.171875 0.3474609375 0.166015625 0.3298828125 0.1494140625 0.31328125 0.1201171875 0.3015625 0.0869140625 0.3015625 0.0703125 0.3142578125 0.06640625 0.3240234375 0.044921875 0.3455078125 0.021484375 0.4216796875 0.015625 0.4587890625 0.017578125 0.4724609375 0.029296875 0.4744140625 0.0439453125 0.4421875 0.0869140625 0.4421875 0.1162109375 0.434375 0.1435546875 0.440234375
1 0.2431640625 0.434375 0.287109375 0.4138671875 0.275390625 0.3943359375 0.2431640625 0.362109375 0.2314453125 0.366015625 0.2138671875 0.385546875 0.1640625 0.4216796875 0.16015625 0.4490234375 0.16796875 0.4822265625 0.1748046875 0.49296875 0.185546875 0.4939453125 0.189453125 0.4744140625 0.197265625 0.4626953125 0.2001953125 0.440234375 0.2431640625 0.434375
1 0.7626953125 0.213671875 0.76953125 0.2048828125 0.7666015625 0.2 0.6484375 0.2029296875 0.67578125 0.2693359375 0.6806640625 0.27421875 0.697265625 0.2732421875 0.7548828125 0.2546875 0.76171875 0.2478515625 0.748046875 0.2185546875 0.7626953125 0.213671875