0 0.58203125 0.4685546875 0.58203125 0.4470703125 0.59375 0.4041015625 0.599609375 0.3962890625 0.603515625 0.3689453125 0.59375 0.3494140625 0.5732421875 0.33671875 0.5302734375 0.334765625 0.4892578125 0.307421875 0.4599609375 0.303515625 0.4375 0.3162109375 0.439453125 0.3689453125 0.443359375 0.3748046875 0.44140625 0.4451171875 0.45703125 0.4802734375 0.4638671875 0.487109375 0.482421875 0.4919921875 0.490234375 0.5466796875 0.5009765625 0.553515625 0.513671875 0.5544921875 0.5419921875 0.54765625 0.564453125 0.5193359375 0.56640625 0.4998046875 0.58203125 0.4685546875
0 0.9384765625 0.424609375 0.9697265625 0.401171875 0.974609375 0.3943359375 0.974609375 0.3767578125 0.94921875 0.3337890625 0.9326171875 0.32109375 0.8955078125 0.319140625 0.8134765625 0.33671875 0.802734375 0.3494140625 0.791015625 0.3865234375 0.80078125 0.4041015625 0.80078125 0.4373046875 0.8154296875 0.448046875 0.82421875 0.4490234375 0.8447265625 0.444140625 0.8818359375 0.44609375 0.9013671875 0.434375 0.9384765625 0.424609375
0 0.94140625 0.4822265625 0.9248046875 0.46171875 0.8955078125 0.45 0.8447265625 0.448046875 0.8193359375 0.45390625 0.806640625 0.4783203125 0.80859375 0.5251953125 0.8310546875 0.53203125 0.8720703125 0.569140625 0.880859375 0.5681640625 0.8994140625 0.559375 0.9453125 0.5134765625 0.947265625 0.4998046875 0.94140625 0.4822265625
0 0.974609375 0.5701171875 0.970703125 0.5623046875 0.97265625 0.5427734375 0.9658203125 0.533984375 0.9326171875 0.533984375 0.9091796875 0.559375 0.875 0.5759765625 0.87890625 0.5935546875 0.87109375 0.6052734375 0.86328125 0.6560546875 0.8720703125 0.666796875 0.8955078125 0.6765625 0.9013671875 0.684375 0.91796875 0.6873046875 0.9384765625 0.682421875 0.98828125 0.6541015625 0.978515625 0.6365234375 0.974609375 0.5701171875
0 0.86328125 0.6345703125 0.875 0.5916015625 0.8671875 0.5662109375 0.8447265625 0.54375 0.8193359375 0.530078125 0.8056640625 0.530078125 0.7880859375 0.537890625 0.763671875 0.5720703125 0.763671875 0.6306640625 0.779296875 0.6462890625 0.796875 0.6814453125 0.8095703125 0.6921875 0.82421875 0.6931640625 0.8349609375 0.690234375 0.845703125 0.6716796875 0.861328125 0.6599609375 0.86328125 0.6345703125
1 0.759765625 0.6287109375 0.759765625 0.6072265625 0.751953125 0.5818359375 0.7392578125 0.573046875 0.7099609375 0.569140625 0.6708984375 0.54765625 0.6220703125 0.53984375 0.5986328125 0.528125 0.5615234375 0.52421875 0.546875 0.5486328125 0.541015625 0.5857421875 0.517578125 0.6150390625 0.525390625 0.6306640625 0.513671875 0.6501953125 0.513671875 0.6814453125 0.5439453125 0.705859375 0.564453125 0.7048828125 0.6650390625 0.68828125 0.7373046875 0.666796875 0.751953125 0.6521484375 0.759765625 0.6287109375
1 0.765625 0.3591796875 0.7568359375 0.35234375 0.7333984375 0.35625 0.6552734375 0.393359375 0.6279296875 0.39921875 0.59375 0.4275390625 0.58984375 0.4431640625 0.591796875 0.4666015625 0.6240234375 0.496875 0.6494140625 0.502734375 0.7451171875 0.498828125 0.7646484375 0.514453125 0.77734375 0.5154296875 0.78125 0.5134765625 0.779296875 0.4509765625 0.76953125 0.4197265625 0.765625 0.3591796875
1 0.51171875 0.6716796875 0.51171875 0.6326171875 0.501953125 0.5779296875 0.439453125 0.4587890625 0.423828125 0.4158203125 0.3837890625 0.3796875 0.3681640625 0.373828125 0.2763671875 0.37578125 0.2333984375 0.369921875 0.2197265625 0.373828125 0.21484375 0.3865234375 0.228515625 0.4138671875 0.234375 0.4392578125 0.234375 0.4490234375 0.228515625 0.4568359375 0.23046875 0.4783203125 0.2919921875 0.48515625 0.322265625 0.5193359375 0.328125 0.5349609375 0.328125 0.6423828125 0.314453125 0.6677734375 0.314453125 0.6775390625 0.3447265625 0.7078125 0.3681640625 0.7234375 0.423828125 0.7302734375 0.4501953125 0.7234375 0.4755859375 0.709765625 0.505859375 0.6853515625 0.51171875 0.6716796875
1 0.30859375 0.6892578125 0.30859375 0.6697265625 0.32421875 0.6423828125 0.328125 0.6189453125 0.32421875 0.5291015625 0.2822265625 0.487109375 0.2060546875 0.4890625 0.1845703125 0.479296875 0.1416015625 0.475390625 0.1220703125 0.467578125 0.0927734375 0.471484375 0.0703125 0.4939453125 0.064453125 0.5232421875 0.080078125 0.6111328125 0.076171875 0.6892578125 0.083984375 0.7068359375 0.1220703125 0.74296875 0.1474609375 0.752734375 0.201171875 0.7556640625 0.2685546875 0.74296875 0.2890625 0.7224609375 0.29296875 0.7087890625 0.30859375 0.6892578125
1 0.7568359375 0.653125 0.7353515625 0.66875 0.6923828125 0.682421875 0.5888671875 0.70390625 0.55859375 0.7302734375 0.548828125 0.7478515625 0.5576171875 0.7601892609374999 0.7421875 0.7595703125 0.78515625 0.7439453125 0.775390625 0.6814453125 0.76953125 0.6658203125 0.7568359375 0.653125
1 0 0.6736328125 0.0283203125 0.690234375 0.0703125 0.6912109375 0.072265625 0.6052734375 0.0625 0.5447265625 0.064453125 0.5017578125 0.07421875 0.4841796875 0.1005859375 0.465625 0.1201171875 0.463671875 0.134765625 0.4685546875 0.12890625 0.4373046875 0.130859375 0.4255859375 0.1201171875 0.41875 0.09765625 0.4236328125 0.1005859375 0.434375 0.115234375 0.4353515625 0.1025390625 0.440234375 0.0888671875 0.436328125 0.0712890625 0.43828125 0.0380859375 0.41875 0 0.4333984375 0 0.6736328125