1 0.40625 0.2978515625 0.375 0.2275390625 0.328125 0.0966796875 0.31640625 0.0751953125 0.2861328125 0.048828125 0.2529296875 0.05078125 0.2490234375 0.0546875 0.2314453125 0.0546875 0.1826171875 0.06640625 0.130859375 0.1201171875 0.123046875 0.1337890625 0.115234375 0.1669921875 0.119140625 0.2880859375 0.13671875 0.3798828125 0.142578125 0.3876953125 0.142578125 0.4228515625 0.15625 0.4638671875 0.162109375 0.5029296875 0.1708984375 0.517578125 0.2001953125 0.53515625 0.2451171875 0.544921875 0.2529296875 0.5625 0.2998046875 0.564453125 0.3701171875 0.5859375 0.4150390625 0.5859375 0.43359375 0.5908203125 0.4375 0.5888671875 0.44921875 0.5400390625 0.439453125 0.4013671875 0.40625 0.2978515625
0 0.755859375 0.2314453125 0.755859375 0.2236328125 0.7099609375 0.189453125 0.6611328125 0.19921875 0.6123046875 0.220703125 0.609375 0.2255859375 0.60546875 0.2685546875 0.615234375 0.3076171875 0.6240234375 0.318359375 0.650390625 0.3193359375 0.7294921875 0.296875 0.75390625 0.2646484375 0.74609375 0.2392578125 0.755859375 0.2314453125
1 0.685546875 0.1396484375 0.67578125 0.1162109375 0.6787109375 0.111328125 0.6826171875 0.115234375 0.689453125 0.1123046875 0.6865234375 0.099609375 0.6572265625 0.091796875 0.6357421875 0.095703125 0.5830078125 0.142578125 0.5390625 0.1630859375 0.537109375 0.1689453125 0.5439453125 0.1796875 0.5927734375 0.21484375 0.61328125 0.2158203125 0.6396484375 0.197265625 0.689453125 0.1474609375 0.69140625 0.1416015625 0.685546875 0.1396484375
0 0.44140625 0.0830078125 0.4501953125 0.099609375 0.4775390625 0.111328125 0.5263671875 0.12109375 0.5595703125 0.1328125 0.583984375 0.1337890625 0.62890625 0.0869140625 0.62890625 0.0537109375 0.6240234375 0.046875 0.4619140625 0.046875 0.451171875 0.0556640625 0.44140625 0.0830078125
0 0.9384765625 0.6015625 0.95703125 0.5791015625 0.95703125 0.5712890625 0.9365234375 0.55078125 0.9072265625 0.53515625 0.8388671875 0.482421875 0.8193359375 0.48828125 0.78125 0.5302734375 0.75 0.5693359375 0.73046875 0.6064453125 0.73828125 0.6337890625 0.740234375 0.6748046875 0.7666015625 0.703125 0.7939453125 0.71484375 0.814453125 0.7158203125 0.8525390625 0.6875 0.90234375 0.6279296875 0.9208984375 0.609375 0.9384765625 0.6015625
0 0.9716796875 0.619140625 0.9443359375 0.603515625 0.9345703125 0.603515625 0.8994140625 0.6328125 0.84375 0.6982421875 0.8896484375 0.732421875 0.91796875 0.7373046875 0.943359375 0.7099609375 0.978515625 0.6337890625 0.978515625 0.6259765625 0.9716796875 0.619140625
0 0.736328125 0.6337890625 0.7109375 0.5634765625 0.6943359375 0.5546875 0.6767578125 0.5546875 0.67578125 0.5810546875 0.66015625 0.6435546875 0.626953125 0.6923828125 0.6171875 0.7197265625 0.6484375 0.7568359375 0.6630859375 0.767578125 0.724609375 0.7685546875 0.728515625 0.7666015625 0.728515625 0.7099609375 0.736328125 0.6845703125 0.736328125 0.6337890625
0 0.1796875 0.5673828125 0.18359375 0.5634765625 0.16015625 0.5205078125 0.1376953125 0.501953125 0.1103515625 0.48828125 0.0517578125 0.505859375 0.03125 0.5322265625 0.0234375 0.5556640625 0 0.5830078125 0.001953125 0.7353515625 0.0068359375 0.744140625 0.0341796875 0.748046875 0.0634765625 0.763671875 0.08203125 0.7626953125 0.1083984375 0.74609375 0.1328125 0.7177734375 0.177734375 0.5986328125 0.1796875 0.5673828125
0 0 0.8193359375 0.00390625 0.8291015625 0.0185546875 0.841796875 0.0595703125 0.86328125 0.1025390625 0.875 0.16796875 0.8759765625 0.17578125 0.8603515625 0.14453125 0.7822265625 0.1484375 0.7236328125 0.1396484375 0.712890625 0.1103515625 0.74609375 0.0771484375 0.765625 0.0654296875 0.765625 0.0341796875 0.75 0 0.7509765625 0 0.8193359375
0 0.7060546875 0.81640625 0.7138671875 0.8203125 0.7197265625 0.814453125 0.7392578125 0.810546875 0.74609375 0.8017578125 0.74609375 0.7880859375 0.7412109375 0.783203125 0.7255859375 0.7734375 0.7021484375 0.7734375 0.6943359375 0.76953125 0.6279296875 0.7734375 0.6103515625 0.763671875 0.5966796875 0.76171875 0.5830078125 0.75 0.5595703125 0.748046875 0.548828125 0.7529296875 0.55078125 0.8134765625 0.541015625 0.8525390625 0.48046875 0.9423828125 0.5166015625 0.951171875 0.607421875 0.9501953125 0.6328125 0.9169921875 0.65234375 0.8720703125 0.671875 0.8427734375 0.7060546875 0.81640625
0 0.74609375 0.8193359375 0.7431640625 0.8125 0.6943359375 0.82421875 0.666015625 0.8525390625 0.642578125 0.9033203125 0.6474609375 0.908203125 0.681640625 0.9072265625 0.7236328125 0.90625 0.734375 0.8994140625 0.7421875 0.8642578125 0.74609375 0.8193359375
0 0.892578125 0.8056640625 0.8759765625 0.78515625 0.8583984375 0.7734375 0.8466796875 0.771484375 0.8095703125 0.751953125 0.7529296875 0.740234375 0.7333984375 0.73046875 0.728515625 0.7431640625 0.734375 0.7744140625 0.75390625 0.7900390625 0.74609375 0.8095703125 0.740234375 0.8759765625 0.7470703125 0.880859375 0.7724609375 0.880859375 0.7958984375 0.890625 0.80859375 0.8896484375 0.8251953125 0.875 0.8427734375 0.869140625 0.859375 0.8388671875 0.892578125 0.8056640625
1 0.673828125 0.5751953125 0.6650390625 0.556640625 0.6474609375 0.55078125 0.6201171875 0.525390625 0.5966796875 0.52734375 0.5615234375 0.5390625 0.541015625 0.5576171875 0.5224609375 0.5859375 0.5087890625 0.587890625 0.50390625 0.5927734375 0.51953125 0.6220703125 0.517578125 0.6533203125 0.53515625 0.7080078125 0.5390625 0.7353515625 0.5517578125 0.74609375 0.6015625 0.7470703125 0.61328125 0.7099609375 0.65625 0.6455078125 0.66796875 0.6123046875 0.673828125 0.5751953125
1 0.546875 0.8212890625 0.544921875 0.7626953125 0.53515625 0.7333984375 0.533203125 0.7060546875 0.517578125 0.6630859375 0.515625 0.6162109375 0.49609375 0.5947265625 0.48828125 0.5732421875 0.4658203125 0.556640625 0.4541015625 0.556640625 0.447265625 0.5615234375 0.4384765625 0.59765625 0.4072265625 0.58984375 0.3876953125 0.58984375 0.3701171875 0.59765625 0.3603515625 0.595703125 0.3583984375 0.58984375 0.3232421875 0.58203125 0.3154296875 0.576171875 0.3125 0.5888671875 0.2998046875 0.59375 0.296875 0.5810546875 0.30078125 0.5771484375 0.2939453125 0.576171875 0.29296875 0.5966796875 0.275390625 0.6142578125 0.27734375 0.6318359375 0.291015625 0.6513671875 0.3046875 0.7001953125 0.31640625 0.7099609375 0.333984375 0.7392578125 0.34765625 0.7724609375 0.36328125 0.8349609375 0.400390625 0.8916015625 0.408203125 0.9189453125 0.419921875 0.9365234375 0.4287109375 0.943359375 0.455078125 0.9462890625 0.4775390625 0.9375 0.505859375 0.9013671875 0.533203125 0.8603515625 0.546875 0.8212890625
0 0.8623046875 0.0703125 0.8544921875 0.0703125 0.84375 0.0791015625 0.818359375 0.1298828125 0.8330078125 0.146484375 0.84375 0.1455078125 0.8603515625 0.13671875 0.8828125 0.1142578125 0.880859375 0.0986328125 0.8623046875 0.0703125
0 0.939453125 0.0869140625 0.921875 0.1279296875 0.9267578125 0.1328125 0.9453125 0.1318359375 0.9765625 0.1103515625 0.98046875 0.0986328125 0.9765625 0.0751953125 0.982421875 0.0576171875 0.9794921875 0.046875 0.9482421875 0.046875 0.943359375 0.0517578125 0.939453125 0.0869140625
1 0.87109375 0.0830078125 0.884765625 0.1025390625 0.884765625 0.1181640625 0.8896484375 0.123046875 0.919921875 0.1240234375 0.9375 0.0927734375 0.94140625 0.0478515625 0.8720703125 0.046875 0.87109375 0.0830078125
1 0.7880859375 0.07421875 0.7548828125 0.072265625 0.7412109375 0.076171875 0.744140625 0.1162109375 0.73828125 0.1259765625 0.740234375 0.1298828125 0.806640625 0.1455078125 0.845703125 0.0732421875 0.84375 0.0673828125 0.8271484375 0.0625 0.7880859375 0.07421875
1 0.3804988109375 0.8740234375 0.3609675609375 0.8330078125 0.3414363109375 0.7626953125 0.3179988109375 0.7158203125 0.3013972484375 0.703125 0.2760066234375 0.6953125 0.2564753734375 0.6796875 0.2408503734375 0.677734375 0.2076472484375 0.6875 0.1920222484375 0.685546875 0.1861628734375 0.697265625 0.1705378734375 0.703125 0.1519831859375 0.7314453125 0.1519831859375 0.7763671875 0.1695613109375 0.8349609375 0.1832331859375 0.8642578125 0.1969050609375 0.8798828125 0.2232722484375 0.8984375 0.2779597484375 0.91796875 0.3560847484375 0.93359375 0.3765925609375 0.9326171875 0.40295974843750004 0.921875 0.40393631093750004 0.9072265625 0.3941706859375 0.8857421875 0.3804988109375 0.8740234375