1 0.453125 0.4580078125 0.44140625 0.4013671875 0.3896484375 0.349609375 0.3154296875 0.3046875 0.2763671875 0.30078125 0.2509765625 0.310546875 0.2294921875 0.310546875 0.2197265625 0.3203125 0.2119140625 0.3203125 0.1884765625 0.296875 0.1611328125 0.298828125 0.15234375 0.3076171875 0.154296875 0.3232421875 0.1611328125 0.330078125 0.1787109375 0.3359375 0.193359375 0.3544921875 0.185546875 0.3994140625 0.20703125 0.4716796875 0.2119140625 0.4765625 0.2314453125 0.48046875 0.2802734375 0.482421875 0.2802734375 0.486328125 0.26953125 0.4892578125 0.26953125 0.4951171875 0.2958984375 0.525390625 0.3291015625 0.5390625 0.3583984375 0.56640625 0.3857421875 0.572265625 0.412109375 0.5712890625 0.4443359375 0.5625 0.455078125 0.5302734375 0.45703125 0.4951171875 0.453125 0.4580078125
1 0.564453125 0.5791015625 0.578125 0.5478515625 0.5869140625 0.5390625 0.6123046875 0.529296875 0.6845703125 0.48046875 0.70703125 0.4560546875 0.70703125 0.4482421875 0.6572265625 0.42578125 0.6435546875 0.423828125 0.6005859375 0.392578125 0.5654296875 0.376953125 0.5498046875 0.376953125 0.5244140625 0.384765625 0.4501953125 0.419921875 0.447265625 0.4365234375 0.45703125 0.5087890625 0.44921875 0.5595703125 0.466796875 0.5732421875 0.47265625 0.5947265625 0.4541015625 0.619140625 0.4267578125 0.626953125 0.376953125 0.6572265625 0.376953125 0.6630859375 0.3955078125 0.685546875 0.4140625 0.6845703125 0.4619140625 0.671875 0.4853515625 0.640625 0.54296875 0.6025390625 0.564453125 0.5791015625
0 0.4111328125 0.630859375 0.4501953125 0.6171875 0.46875 0.5947265625 0.466796875 0.5791015625 0.4521484375 0.56640625 0.4423828125 0.56640625 0.3916015625 0.591796875 0.3837890625 0.58203125 0.3603515625 0.57421875 0.3330078125 0.556640625 0.3076171875 0.552734375 0.2919921875 0.54296875 0.2744140625 0.54296875 0.2529296875 0.560546875 0.2451171875 0.5546875 0.2421875 0.5771484375 0.248046875 0.5810546875 0.23046875 0.5947265625 0.22265625 0.6103515625 0.220703125 0.6337890625 0.2666015625 0.640625 0.2919921875 0.638671875 0.28125 0.6455078125 0.2880859375 0.6484375 0.2919921875 0.64453125 0.2998046875 0.65625 0.3134765625 0.65234375 0.314453125 0.6591796875 0.3212890625 0.6640625 0.3359375 0.6650390625 0.3583984375 0.662109375 0.3759765625 0.654296875 0.3994140625 0.630859375 0.4111328125 0.630859375
1 0 0.3916015625 0.021484375 0.4150390625 0.0185546875 0.419921875 0.013671875 0.4189453125 0.01171875 0.4306640625 0.01171875 0.4755859375 0.0234375 0.5107421875 0.0234375 0.5322265625 0.029296875 0.5478515625 0.017578125 0.5634765625 0.017578125 0.5732421875 0.029296875 0.6123046875 0.025390625 0.6259765625 0.03515625 0.6494140625 0.03515625 0.6611328125 0.048828125 0.6826171875 0.0712890625 0.705078125 0.0869140625 0.712890625 0.1298828125 0.728515625 0.16796875 0.7275390625 0.171875 0.7255859375 0.171875 0.7099609375 0.166015625 0.6923828125 0.166015625 0.6669921875 0.1806640625 0.640625 0.2060546875 0.63671875 0.2109375 0.6318359375 0.255859375 0.5009765625 0.2451171875 0.4921875 0.2099609375 0.484375 0.205078125 0.4794921875 0.1787109375 0.3984375 0.0048828125 0.359375 0 0.3662109375 0 0.3916015625
0 0.3134765625 0.71875 0.3095703125 0.7265625 0.302734375 0.7275390625 0.30859375 0.7021484375 0.314453125 0.7001953125 0.314453125 0.6943359375 0.3125 0.6826171875 0.2998046875 0.6640625 0.2236328125 0.650390625 0.1845703125 0.65234375 0.1796875 0.6572265625 0.17578125 0.6689453125 0.17578125 0.7041015625 0.1865234375 0.763671875 0.3359375 0.7626953125 0.337890625 0.7568359375 0.330078125 0.7431640625 0.326171875 0.7216796875 0.3134765625 0.71875
0 0.6728515625 0.671875 0.6357421875 0.671875 0.6064453125 0.68359375 0.5869140625 0.68359375 0.5732421875 0.693359375 0.5478515625 0.693359375 0.53515625 0.7021484375 0.53125 0.7197265625 0.533203125 0.7333984375 0.55078125 0.7451171875 0.5556640625 0.7578125 0.5712890625 0.763671875 0.681640625 0.7626953125 0.689453125 0.7451171875 0.693359375 0.7080078125 0.685546875 0.6884765625 0.6728515625 0.671875
0 0.7607421875 0.744140625 0.7958984375 0.728515625 0.8203125 0.7060546875 0.830078125 0.6904296875 0.841796875 0.6650390625 0.845703125 0.6416015625 0.8212890625 0.6171875 0.8076171875 0.61328125 0.7490234375 0.61328125 0.7236328125 0.625 0.7099609375 0.64453125 0.6923828125 0.650390625 0.68359375 0.6630859375 0.681640625 0.6787109375 0.6953125 0.7099609375 0.69140625 0.7314453125 0.69140625 0.7548828125 0.6953125 0.7548828125 0.6982421875 0.75 0.7099609375 0.75390625 0.7236328125 0.74609375 0.7607421875 0.744140625
1 0.7060546875 0.640625 0.716796875 0.6298828125 0.728515625 0.5966796875 0.728515625 0.5732421875 0.693359375 0.5224609375 0.685546875 0.5009765625 0.6767578125 0.490234375 0.6689453125 0.490234375 0.6123046875 0.53125 0.5927734375 0.5390625 0.58203125 0.5517578125 0.56640625 0.5966796875 0.56640625 0.6298828125 0.5751953125 0.64453125 0.5888671875 0.654296875 0.6279296875 0.658203125 0.6318359375 0.6640625 0.638671875 0.6650390625 0.6552734375 0.66015625 0.6669921875 0.662109375 0.6826171875 0.6484375 0.7060546875 0.640625
0 0.8125 0.4697265625 0.8046875 0.4365234375 0.791015625 0.4169921875 0.7724609375 0.400390625 0.7451171875 0.3984375 0.7353515625 0.40234375 0.708984375 0.4365234375 0.70703125 0.4833984375 0.71484375 0.5009765625 0.724609375 0.5068359375 0.7314453125 0.498046875 0.7685546875 0.50390625 0.7939453125 0.49609375 0.8125 0.4697265625
0 0.908203125 0.3837890625 0.8935546875 0.369140625 0.8759765625 0.37109375 0.875 0.3525390625 0.8701171875 0.345703125 0.8408203125 0.345703125 0.8017578125 0.36328125 0.783203125 0.3818359375 0.78125 0.3974609375 0.80859375 0.4365234375 0.8203125 0.4755859375 0.8271484375 0.478515625 0.8369140625 0.470703125 0.8505859375 0.470703125 0.8798828125 0.484375 0.896484375 0.4833984375 0.908203125 0.4736328125 0.912109375 0.4443359375 0.919921875 0.4248046875 0.908203125 0.3837890625
0 0.9853515625 0.482421875 0.9482421875 0.47265625 0.9072265625 0.48046875 0.900390625 0.4873046875 0.900390625 0.4951171875 0.9140625 0.5087890625 0.921875 0.5244140625 0.916015625 0.5693359375 0.919921875 0.5830078125 0.9345703125 0.59765625 0.95703125 0.5966796875 0.9912109375 0.58984375 1 0.5732421875 0.990234375 0.4873046875 0.9853515625 0.482421875
0 0.896484375 0.5732421875 0.908203125 0.5595703125 0.91796875 0.5283203125 0.9111328125 0.5078125 0.8544921875 0.47265625 0.8310546875 0.478515625 0.8193359375 0.490234375 0.8154296875 0.48828125 0.8125 0.5009765625 0.8037109375 0.505859375 0.7861328125 0.498046875 0.7646484375 0.509765625 0.7373046875 0.5 0.73046875 0.5029296875 0.73046875 0.5166015625 0.7421875 0.5419921875 0.7421875 0.5654296875 0.748046875 0.5810546875 0.7451171875 0.611328125 0.8212890625 0.615234375 0.8466796875 0.638671875 0.876953125 0.6396484375 0.8876953125 0.63671875 0.89453125 0.6259765625 0.8984375 0.6005859375 0.896484375 0.5732421875