0 0.90234375 0.5169921875 0.92578125 0.5033203125 0.92578125 0.4623046875 0.91796875 0.4447265625 0.9052734375 0.43203125 0.8779296875 0.4125 0.8564453125 0.3890625 0.8369140625 0.375390625 0.8291015625 0.375390625 0.8125 0.3822265625 0.8125 0.3880859375 0.822265625 0.4017578125 0.822265625 0.4095703125 0.81640625 0.4232421875 0.806640625 0.5169921875 0.8369140625 0.539453125 0.85546875 0.5404296875 0.8642578125 0.5296875 0.8994140625 0.531640625 0.904296875 0.5267578125 0.90234375 0.5169921875
0 0.80078125 0.3763671875 0.798828125 0.3607421875 0.7919921875 0.35390625 0.7548828125 0.340234375 0.7333984375 0.33828125 0.7099609375 0.355859375 0.6962890625 0.359765625 0.689453125 0.3724609375 0.701171875 0.3978515625 0.701171875 0.4544921875 0.7109375 0.5130859375 0.7373046875 0.555078125 0.759765625 0.5560546875 0.7880859375 0.547265625 0.8046875 0.5150390625 0.8203125 0.4017578125 0.80078125 0.3763671875
0 0.5390625 0.5521484375 0.5390625 0.5404296875 0.53125 0.5072265625 0.53125 0.4740234375 0.5244140625 0.4671875 0.4775390625 0.437890625 0.4580078125 0.43203125 0.4384765625 0.43203125 0.4248046875 0.4359375 0.373046875 0.4701171875 0.3759765625 0.475 0.4228515625 0.476953125 0.4375 0.4896484375 0.4462890625 0.50625 0.4541015625 0.50625 0.458984375 0.5111328125 0.458984375 0.5248046875 0.4375 0.5521484375 0.4404296875 0.558984375 0.4541015625 0.55703125 0.4775390625 0.566796875 0.4970703125 0.590234375 0.521484375 0.5892578125 0.5263671875 0.58828125 0.548828125 0.5619140625 0.533203125 0.5560546875 0.5390625 0.5521484375
0 0.1640625 0.6126953125 0.162109375 0.5814453125 0.15625 0.5677734375 0.1494140625 0.562890625 0.1044921875 0.553125 0.0654296875 0.5375 0.05078125 0.5248046875 0.0390625 0.5033203125 0.0205078125 0.488671875 0.013671875 0.4994140625 0.01171875 0.5404296875 0.021484375 0.5853515625 0.021484375 0.6107421875 0.033203125 0.6322265625 0.0556640625 0.65859375 0.072265625 0.6576171875 0.1064453125 0.63515625 0.1494140625 0.63125 0.1552734375 0.62734375 0.1640625 0.6126953125
0 0.2392578125 0.7015625 0.2138671875 0.691796875 0.1982421875 0.676171875 0.1865234375 0.67421875 0.181640625 0.6595703125 0.1494140625 0.63125 0.1376953125 0.629296875 0.1083984375 0.63515625 0.0869140625 0.65078125 0.052734375 0.6673828125 0.0546875 0.6751953125 0.07421875 0.6947265625 0.08203125 0.7083984375 0.1064453125 0.725 0.1181640625 0.738671875 0.1513671875 0.746484375 0.1748046875 0.758203125 0.26171875 0.7591796875 0.2744140625 0.75625 0.27734375 0.7474609375 0.2578125 0.7201171875 0.2392578125 0.7015625
0 0.5625 0.6966796875 0.56640625 0.6751953125 0.5546875 0.6576171875 0.53125 0.6380859375 0.490234375 0.5912109375 0.48046875 0.5736328125 0.4677734375 0.56484375 0.4580078125 0.5609375 0.4365234375 0.562890625 0.3740234375 0.6 0.3154296875 0.61953125 0.2880859375 0.63515625 0.2412109375 0.633203125 0.2265625 0.6498046875 0.23046875 0.6556640625 0.23046875 0.6830078125 0.2265625 0.6908203125 0.2373046875 0.69375 0.2529296875 0.707421875 0.2734375 0.7396484375 0.2939453125 0.75234375 0.3193359375 0.758203125 0.482421875 0.7572265625 0.4951171875 0.754296875 0.5107421875 0.7328125 0.5517578125 0.707421875 0.5625 0.6966796875
1 0.70703125 0.6380859375 0.7109375 0.5853515625 0.705078125 0.5228515625 0.6982421875 0.512109375 0.6845703125 0.50625 0.6708984375 0.50625 0.6220703125 0.527734375 0.6025390625 0.5296875 0.5849609375 0.5375 0.541015625 0.5697265625 0.529296875 0.5853515625 0.5283203125 0.598046875 0.5166015625 0.598046875 0.5078125 0.6029296875 0.5224609375 0.625390625 0.5869140625 0.67421875 0.6005859375 0.680078125 0.650390625 0.6810546875 0.6650390625 0.67421875 0.6826171875 0.672265625 0.701171875 0.6517578125 0.70703125 0.6380859375
1 0.6904296875 0.50625 0.701171875 0.4935546875 0.697265625 0.4134765625 0.6728515625 0.394921875 0.6240234375 0.367578125 0.6083984375 0.355859375 0.6005859375 0.344140625 0.5830078125 0.34609375 0.556640625 0.3783203125 0.552734375 0.4037109375 0.5390625 0.4408203125 0.53515625 0.5150390625 0.544921875 0.5501953125 0.55859375 0.5541015625 0.5849609375 0.531640625 0.6181640625 0.52578125 0.6767578125 0.50234375 0.6904296875 0.50625
1 0.45703125 0.5287109375 0.4609375 0.5130859375 0.4541015625 0.50625 0.4423828125 0.50625 0.4375 0.4896484375 0.4208984375 0.476953125 0.4052734375 0.475 0.3603515625 0.476953125 0.3525390625 0.480859375 0.3359375 0.4974609375 0.3271484375 0.5140625 0.267578125 0.5541015625 0.2744140625 0.5609375 0.3037109375 0.558984375 0.3408203125 0.56484375 0.4140625 0.5658203125 0.4287109375 0.562890625 0.4375 0.5541015625 0.44921875 0.5345703125 0.45703125 0.5287109375
1 0.84765625 0.5697265625 0.83203125 0.5404296875 0.8056640625 0.519921875 0.796875 0.5248046875 0.796875 0.5365234375 0.7880859375 0.54921875 0.7548828125 0.558984375 0.7353515625 0.555078125 0.7119140625 0.52578125 0.708984375 0.5306640625 0.712890625 0.5892578125 0.708984375 0.6439453125 0.7255859375 0.6546875 0.7578125 0.6556640625 0.8251953125 0.629296875 0.845703125 0.6107421875 0.8515625 0.5990234375 0.84765625 0.5697265625
1 0.828125 0.6830078125 0.833984375 0.6634765625 0.828125 0.6458984375 0.8173828125 0.6390625 0.7978515625 0.641015625 0.7763671875 0.648828125 0.7646484375 0.65859375 0.7451171875 0.6625 0.73046875 0.6791015625 0.7265625 0.6966796875 0.712890625 0.7201171875 0.7197265625 0.72890625 0.73046875 0.7279296875 0.7724609375 0.711328125 0.7900390625 0.709375 0.8212890625 0.691796875 0.828125 0.6830078125
0 0.2861328125 0.633203125 0.3095703125 0.61953125 0.3427734375 0.609765625 0.3515625 0.5970703125 0.345703125 0.5697265625 0.3369140625 0.56484375 0.3037109375 0.5609375 0.2724609375 0.562890625 0.2607421875 0.558984375 0.1611328125 0.566796875 0.16796875 0.6146484375 0.1796875 0.6400390625 0.1884765625 0.646875 0.1953125 0.6458984375 0.2060546875 0.6390625 0.2255859375 0.641015625 0.2392578125 0.63125 0.2861328125 0.633203125
0 0.369140625 0.4662109375 0.37109375 0.4466796875 0.35546875 0.4056640625 0.3349609375 0.379296875 0.2529296875 0.375390625 0.236328125 0.3509765625 0.2509765625 0.332421875 0.2373046875 0.33046875 0.2275390625 0.336328125 0.2158203125 0.336328125 0.2080078125 0.328515625 0.1982421875 0.3265625 0.1865234375 0.3109375 0.1728515625 0.305078125 0.166015625 0.2923828125 0.1455078125 0.273828125 0.1298828125 0.28359375 0.1064453125 0.285546875 0.0810546875 0.30703125 0.0556640625 0.3109375 0.048828125 0.3158203125 0.04296875 0.3275390625 0.044921875 0.3587890625 0.033203125 0.3978515625 0.037109375 0.4330078125 0.015625 0.4583984375 0.013671875 0.4662109375 0.01953125 0.4896484375 0.0244140625 0.488671875 0.0341796875 0.496484375 0.044921875 0.5072265625 0.052734375 0.5248046875 0.0654296875 0.535546875 0.1103515625 0.553125 0.1435546875 0.5609375 0.19921875 0.5619140625 0.2529296875 0.55703125 0.2998046875 0.53359375 0.3466796875 0.4828125 0.369140625 0.4662109375