0 0.641451078125 0.5187701453125 0.674249875 0.49422655000000004 0.6940147750000001 0.4702129140625 0.69606295625 0.4381554453125 0.6931894328125 0.40023388750000005 0.6795962125 0.3794281671875 0.6596467390625 0.36084868124999997 0.6616946015625 0.335498834375 0.6565121296875 0.3117650640625 0.618704075 0.30112110312499996 0.5953663078125 0.3019360765625 0.57780098125 0.3118805796875 0.56730585625 0.3277316765625 0.5625974578124999 0.38227564687500004 0.5458790890625 0.42467465156250006 0.5379673515625 0.462915609375 0.5395526828125 0.483837040625 0.5422826984375 0.49724195 0.55022220625 0.5036764703125 0.56600471875 0.5046506390625 0.6016486296875 0.4935060453125 0.62486289375 0.4978505078125 0.641451078125 0.5187701453125
0 0.5092416546874999 0.49194904062499994 0.5350060625 0.485943475 0.5580514859375 0.461009725 0.5570558265625001 0.447870121875 0.5484666984375 0.411508934375 0.531327915625 0.3849161875 0.5118121390625 0.3717526296875 0.488809678125 0.36362259531249996 0.45523843125 0.3647949296875 0.44405168437500003 0.3669694109375 0.42498836874999996 0.3766597828125 0.4186686296875 0.3977969578125 0.420203665625 0.41805465937499997 0.4223413015625 0.44001512031249995 0.4271988828125 0.46500520156249997 0.44017339218749996 0.480437725 0.45856818906249996 0.48783434375 0.48740289687500005 0.48222944375 0.5092416546874999 0.49194904062499994
0 0.681860671875 0.64052528125 0.6678076875000001 0.53072214375 0.649053103125 0.5074342453125 0.6328308703125 0.505856915625 0.6265741234375 0.50607540625 0.6028222234375 0.5144610796875 0.5909386296875 0.525478025 0.5567655421875 0.5753980000000001 0.5523572718749999 0.5907936328125001 0.5585383203125 0.672364203125 0.56391525 0.6959589765625 0.5802278109375 0.70802835625 0.641379575 0.7058928890625 0.643600340625 0.6918133078125 0.6721413625 0.660672909375 0.681860671875 0.64052528125
0 0.33348594062500003 0.47786816249999997 0.3315745234375 0.452643403125 0.32814203124999997 0.4383895578125 0.3031680015625 0.3997336671875 0.29464704531249997 0.3954690578125 0.2746069984375 0.396168871875 0.2696051765625 0.397201096875 0.2568515890625 0.402322246875 0.2256489953125 0.438631828125 0.20629397656249998 0.45258289218750003 0.19000735468750002 0.4888012953125 0.188828590625 0.50717825 0.19027530625 0.5262703828124999 0.19975891875000001 0.578233921875 0.21740482968750002 0.5940225046875 0.25125044375 0.5928405890625 0.26796752968750004 0.583232784375 0.2909773453125 0.5565793593749999 0.33348594062500003 0.47786816249999997
0 0.1548180921875 0.6105854046875 0.1574410421875 0.54481615625 0.1569073 0.5377724125000001 0.1490044796875 0.5370141687500001 0.1434916359375 0.5370447296874999 0.1082680453125 0.5382747640625001 0.0964320953125 0.5391727265624999 0.057615354687499995 0.5619897843749999 0.0473256046875 0.603875778125 0.0480489625 0.6134218421875001 0.06217846875000001 0.642545053125 0.07244129375 0.6532977453125 0.08369832187500001 0.6553850953125 0.11054730312500001 0.654447509375 0.12525279218750002 0.6451434546875 0.1548180921875 0.6105854046875
0 0.8796301234375001 0.361113453125 0.877790590625 0.3516512140625 0.8601051046875 0.325036375 0.8361150593750001 0.312328559375 0.8320554453125 0.312470325 0.7984045546874999 0.32497146250000003 0.7815653015625 0.3482951953125 0.7724905015625 0.4773608828125 0.774756865625 0.5072698140624999 0.7789749453125 0.5208889953125 0.8690630546874999 0.5078716421875 0.8792794390625 0.5005358796875 0.8784749250000001 0.41237689531250005 0.8821640984375 0.394554034375 0.8796301234375001 0.361113453125
0 1 0.41564886718749994 0.9956617171875 0.4073989703125 0.9547525968749999 0.3858193828125 0.9480222703125 0.3787630734375 0.9441625953124999 0.3457335546875 0.9309803015625 0.342426184375 0.9203858968749999 0.331318640625 0.915422465625 0.33149196875000003 0.9083214359375 0.342253965625 0.9031586203125 0.382304465625 0.90255836875 0.4277068078125 0.9079046875 0.45661205312500003 0.8957930265625 0.5539678734375 0.8969388890625 0.569089690625 0.9065580093750001 0.596704903125 0.9014169624999999 0.6032489875 0.91522905625 0.6035227640625 1 0.5907733265624999 1 0.41564886718749994
1 0.9423531453124999 0.6428472484375 0.87774794375 0.610212665625 0.8226979171875 0.5698095390625 0.8102020734375 0.5534568671875 0.8198965312500001 0.5487886640624999 0.8201803468750001 0.5413273625 0.8023392843750001 0.5437815671874999 0.8137208765624999 0.53533150625 0.7970423046875 0.5220554109375 0.7965993703125 0.522070878125 0.792424503125 0.5236287046875 0.7676426375000001 0.5430683984375 0.739967834375 0.5470904640625001 0.7378576046875 0.5552332828125001 0.75891789375 0.5831009765624999 0.7601661734375 0.624666034375 0.73589085625 0.697299225 0.738595821875 0.7329963265624999 0.7564608125000001 0.762648921875 0.770495915625 0.773608475 0.83134420625 0.77148360625 0.9066342531249999 0.74338955625 0.9497928375000001 0.6568835078124999 0.9423531453124999 0.6428472484375
1 0.79207436875 0.60097999375 0.7398915109375 0.51633386875 0.7284984624999999 0.4697074921875 0.7210479828125 0.4636104421875 0.708345659375 0.4640540171875 0.70120398125 0.46614491874999997 0.6685423734375 0.516405590625 0.665381565625 0.53176001875 0.6677528359375 0.563053378125 0.6885406281249999 0.5750848203125 0.7132233109375 0.6136568296875 0.7692631390625 0.65970225625 0.7752035828125 0.6537995484375 0.7784792703125001 0.629941275 0.79207436875 0.60097999375
1 0.40697422968749997 0.766010125 0.407603578125 0.7658959046875 0.42033419531250005 0.7597358265625 0.4184789890625 0.7146670234375 0.4454277796875 0.6435537546875 0.44143581718749997 0.5908723078125 0.435041046875 0.59109561875 0.3273630328125 0.6098919953124999 0.31279125625000004 0.6125366265625 0.3000606375 0.6186967046875 0.2896465640625 0.6531602734375 0.25998274062500004 0.701902275 0.260986946875 0.71515466875 0.26115607343749997 0.7164646078125 0.2805896 0.7288347374999999 0.292457340625 0.7286550125 0.352599115625 0.7493263171875 0.367897590625 0.7603688625 0.40697422968749997 0.766010125
1 0.26222968125 0.7439006734375 0.24334644375 0.7048747640624999 0.15366036875 0.6903927359375001 0.14163851249999998 0.6818304171875 0.1441589328125 0.6566101328125 0.14115269531250002 0.6561906359375 0.11831566874999999 0.6569881234375 0.0818578828125 0.68529098125 0.0794555234375 0.6970954703125 0.082293184375 0.73454375 0.10115913437499999 0.75978259375 0.1291106671875 0.77745253125 0.28063578906250003 0.7976130765625 0.28355909375 0.7881856171875 0.27630995 0.76160206875 0.26222968125 0.7439006734375
1 0.3769699078125 0.6021506328124999 0.36021069843750003 0.569013665625 0.3478045375 0.5648297437500001 0.335699171875 0.5459238953125001 0.3296765421875 0.5446427203125 0.325608653125 0.544784775 0.2828452328125 0.56623845 0.2565423765625 0.58624263125 0.251304828125 0.6287302734375 0.2528218078125 0.648749671875 0.2546011328125 0.65357616875 0.2801574953125 0.6526837203125 0.313565975 0.6420687703125 0.3449934296875 0.61962376875 0.3762900546875 0.609950684375 0.3769699078125 0.6021506328124999