1 0.158203125 0.5505859375 0.154296875 0.5017578125 0.1337890625 0.475390625 0.0986328125 0.463671875 0.0927734375 0.444140625 0.0615234375 0.436328125 0.05859375 0.4548828125 0.064453125 0.4646484375 0.046875 0.4783203125 0.037109375 0.5056640625 0.03515625 0.5349609375 0.041015625 0.6013671875 0.046875 0.6189453125 0.0771484375 0.651171875 0.1025390625 0.65703125 0.126953125 0.6560546875 0.1552734375 0.653125 0.1640625 0.6423828125 0.154296875 0.6033203125 0.158203125 0.5505859375
0 0.2275390625 0.7078125 0.2041015625 0.68828125 0.1767578125 0.678515625 0.1572265625 0.65703125 0.1396484375 0.655078125 0.1142578125 0.6609375 0.09765625 0.6833984375 0.09765625 0.6990234375 0.111328125 0.7224609375 0.1298828125 0.744921875 0.1474609375 0.756640625 0.267578125 0.7576171875 0.267578125 0.7419921875 0.2568359375 0.7234375 0.2451171875 0.713671875 0.2275390625 0.7078125
0 0.509765625 0.6365234375 0.5009765625 0.623828125 0.4677734375 0.60234375 0.44140625 0.5701171875 0.4111328125 0.545703125 0.3974609375 0.537890625 0.3720703125 0.537890625 0.35546875 0.5505859375 0.3671875 0.5564453125 0.3720703125 0.57109375 0.37890625 0.5701171875 0.375 0.5759765625 0.38671875 0.5955078125 0.38671875 0.6267578125 0.37890625 0.6482421875 0.3671875 0.6638671875 0.3544921875 0.6765625 0.32421875 0.6912109375 0.32421875 0.7126953125 0.3349609375 0.725390625 0.3681640625 0.7390625 0.3837890625 0.756640625 0.455078125 0.7576171875 0.4677734375 0.752734375 0.482421875 0.7322265625 0.50390625 0.6677734375 0.509765625 0.6365234375
0 0.384765625 0.6208984375 0.3828125 0.5935546875 0.33984375 0.5271484375 0.3095703125 0.50859375 0.2822265625 0.506640625 0.2314453125 0.5125 0.1884765625 0.522265625 0.1728515625 0.530078125 0.16015625 0.5447265625 0.15625 0.5740234375 0.158203125 0.6033203125 0.16796875 0.6326171875 0.1904296875 0.655078125 0.2099609375 0.6609375 0.21484375 0.6755859375 0.2373046875 0.6921875 0.2568359375 0.69609375 0.294921875 0.6951171875 0.3310546875 0.686328125 0.3564453125 0.67265625 0.380859375 0.6384765625 0.384765625 0.6208984375
0 0.5703125 0.5466796875 0.5625 0.5330078125 0.5224609375 0.496875 0.4794921875 0.4734375 0.4541015625 0.465625 0.4287109375 0.465625 0.3955078125 0.48125 0.384765625 0.4978515625 0.38671875 0.5134765625 0.39453125 0.5251953125 0.4501953125 0.565234375 0.5009765625 0.621875 0.525390625 0.6228515625 0.5458984375 0.616015625 0.5625 0.6033203125 0.572265625 0.5623046875 0.5703125 0.5466796875
0 0.685546875 0.5876953125 0.705078125 0.5681640625 0.712890625 0.5349609375 0.7109375 0.5134765625 0.6982421875 0.498828125 0.6474609375 0.475390625 0.6357421875 0.459765625 0.6201171875 0.4578125 0.6005859375 0.46171875 0.568359375 0.4802734375 0.55859375 0.5056640625 0.55859375 0.5212890625 0.57421875 0.5603515625 0.572265625 0.5935546875 0.6083984375 0.631640625 0.6376953125 0.64140625 0.66015625 0.6404296875 0.6787109375 0.63359375 0.697265625 0.6072265625 0.697265625 0.5974609375 0.685546875 0.5876953125
0 0.806640625 0.6482421875 0.8046875 0.5466796875 0.80078125 0.5291015625 0.7880859375 0.5125 0.7353515625 0.491015625 0.7080078125 0.491015625 0.69921875 0.4958984375 0.7109375 0.5134765625 0.712890625 0.5466796875 0.70703125 0.5544921875 0.70703125 0.5701171875 0.693359375 0.5857421875 0.697265625 0.6091796875 0.6767578125 0.6375 0.6494140625 0.643359375 0.646484375 0.6482421875 0.6484375 0.6677734375 0.6552734375 0.678515625 0.6796875 0.6794921875 0.7783203125 0.6765625 0.7958984375 0.674609375 0.80078125 0.6697265625 0.806640625 0.6482421875
0 0.7919921875 0.424609375 0.7353515625 0.4421875 0.720703125 0.4568359375 0.7216796875 0.4890625 0.7392578125 0.491015625 0.7802734375 0.506640625 0.849609375 0.5076171875 0.869140625 0.4666015625 0.84765625 0.4373046875 0.8505859375 0.41875 0.7919921875 0.424609375
0 0.8369140625 0.510546875 0.8154296875 0.510546875 0.798828125 0.5173828125 0.806640625 0.5623046875 0.806640625 0.6111328125 0.8095703125 0.61796875 0.8203125 0.6169921875 0.8408203125 0.604296875 0.88671875 0.5583984375 0.8798828125 0.54375 0.8369140625 0.510546875
0 0.8776132593750001 0.6260293515625001 0.8764640890625 0.6260293515625001 0.8764640890625 0.629045925 0.8776132593750001 0.629045925 0.8776132593750001 0.6260293515625001
0 0.84765625 0.6931640625 0.83984375 0.6814453125 0.837890625 0.6677734375 0.8291015625 0.6609375 0.8076171875 0.6609375 0.7998046875 0.674609375 0.7802734375 0.6765625 0.73046875 0.7302734375 0.724609375 0.7556640625 0.732421875 0.7556640625 0.7685546875 0.7390625 0.7841796875 0.737109375 0.8447265625 0.7078125 0.84765625 0.6931640625