1 1 0.6722863421875 0.9622070765625 0.5430984453125001 0.9506575203125 0.5427623875 0.7801217328125001 0.57774205 0.780323753125 0.583527190625 0.8227838640625 0.7286689734375 1 0.692319059375 1 0.6722863421875
1 0.958982490625 0.4189630875 0.9234985218749999 0.41709915156250005 0.7704899546874999 0.4126470578125 0.7613432515625 0.544254078125 0.950437409375 0.5541869890625 0.9592677515625001 0.42713189687500003 0.958982490625 0.4189630875
1 0.23431432968750002 0.40737039218750004 0.202200340625 0.3196268125 0.1723770546875 0.31875904374999997 0.0494180859375 0.3527021640625 0.050038229687500005 0.3704607265625 0.08170424062500001 0.45698031562499997 0.234573096875 0.4147805 0.23431432968750002 0.40737039218750004
1 0.24823944375 0.47705765 0.2431731859375 0.5637635796875 0.24300583437499998 0.5678507734375 0.4226912125 0.5720327484375 0.419548675 0.4820422390625 0.24823944375 0.47705765
1 0.6765942093749999 0.5129351859375 0.6755366890625 0.602998275 0.7858595125 0.6017180578125 0.7828671296875 0.5160274125 0.6765942093749999 0.5129351859375
0 0.7095174156249999 0.561103140625 0.7089425265625 0.5534965828125 0.6758011546875 0.384917296875 0.655420278125 0.3843242734375 0.5240576984375 0.39058006875 0.5255604 0.43361184062499997 0.5543240625 0.5799231484375 0.574383484375 0.58050681875 0.7099695265625 0.574049890625 0.7095174156249999 0.561103140625
0 0.8028142 0.5061539046875 0.7790245078125 0.41133447500000003 0.7488505453125 0.410456503125 0.6814514515625001 0.42091244687499996 0.6829105125 0.46269445937500003 0.699380825 0.5283407765625 0.7045101453125 0.5282809359375 0.80305304375 0.5129935015625 0.8028142 0.5061539046875
0 0.507884915625 0.5085350375 0.493331353125 0.5076027812499999 0.41643485 0.505365321875 0.4096128453125 0.6116984734375001 0.5077954765625 0.617987746875 0.5103284078125 0.5785074921875 0.507884915625 0.5085350375
0 0.334751315625 0.345336425 0.319691346875 0.4690397078125 0.4098938515625 0.49610661250000004 0.44299574843749995 0.4970697796875 0.456502090625 0.3861280671875 0.45595000781249995 0.3788232609375 0.3463764671875 0.3459437234375 0.3430678265625 0.3455784109375 0.334751315625 0.345336425
0 0.2622999875 0.5382945218749999 0.2252834734375 0.4170750296875 0.21682816875 0.41682900624999997 0.09913455156249999 0.43338342812499997 0.0994821984375 0.44333871406250003 0.1358433453125 0.5624120609375 0.1471199359375 0.562740175 0.26258649375 0.54649900625 0.2622999875 0.5382945218749999
0 0.343720165625 0.45613458125 0.311369440625 0.3446560828125 0.27610821875 0.3436300859375 0.20498049843750002 0.36243909375 0.20573291562499998 0.383985496875 0.23739366562500003 0.49308639374999996 0.3440258625 0.46488858437499997 0.343720165625 0.45613458125