0 0.1942023484375 0.5137911546875 0.198312428125 0.5136954921875 0.27713930000000003 0.4861797671875 0.275782821875 0.47164928906250003 0.24507158437499998 0.3906105515625 0.22800491875 0.3910077828125 0.157056571875 0.4157733890625 0.1942023484375 0.5137911546875
0 0.08852028437500001 0.6166654984375 0.227986803125 0.6382764187500001 0.2371254578125 0.6380637140625 0.2408362890625 0.5501958203124999 0.23887071875000002 0.52914080625 0.09521026406250001 0.50688001875 0.0929175625 0.506920021875 0.08833963593750001 0.6153196703125 0.08852028437500001 0.6166654984375
0 0.3549165234375 0.55910734375 0.39871116562500003 0.703202146875 0.40333510468749995 0.7030945234375 0.53940275 0.66204715625 0.5381608734375 0.64874428125 0.5010709875 0.5267097140625 0.4579007546875 0.5277145125 0.35488336875000004 0.5587916484375001 0.3549165234375 0.55910734375
0 0.55775580625 0.622493315625 0.57477556875 0.7225926281249999 0.594596740625 0.7221312859375 0.704465059375 0.7040180046875 0.704321721875 0.70095046875 0.7031333171874999 0.6882203796875 0.6877495328125 0.5977428421875 0.672672425 0.598093765625 0.5572543734375001 0.6171219953125 0.55775580625 0.622493315625
0 0.535855359375 0.6060563765625 0.6874508640625 0.5873262390625 0.6810587953125 0.5188549515624999 0.6628772515625 0.415192503125 0.586269696875 0.41697556249999995 0.4898192203125 0.428892346875 0.4925181828125 0.4509185765625 0.519793646875 0.6064302171875 0.535855359375 0.6060563765625
1 1 0.5608386515625 0.9867271953125 0.4975627453125 0.8236077125 0.510046646875 0.8804943984375001 0.7812445359375 0.960615675 0.7793796921875 1 0.7763655218750001 1 0.5608386515625
1 0.7158155609375 0.6848601953125 0.8375342531250001 0.6820271609375 0.8253307812499999 0.5211006109375 0.8220009578124999 0.4854318328125 0.67943711875 0.47802145312500005 0.69410599375 0.6714591671875 0.6954743421875 0.683802871875 0.7158155609375 0.6848601953125
1 0.74599908125 0.49781615312499994 0.8198647953125 0.496096909375 0.8141921 0.43533149531250004 0.6886509421875 0.42308474062499996 0.6935153234375 0.49269627343750005 0.74599908125 0.49781615312499994
1 0.54946819375 0.43192518281250003 0.5807924296875 0.431196103125 0.6926210921875 0.42465077500000004 0.6866044953125 0.3602014984375 0.6642649421875 0.2405679421875 0.66302970625 0.24055360312500002 0.5153468734375 0.24919747343749998 0.54946819375 0.43192518281250003
1 0.3703014609375 0.3758068375 0.4129248203125 0.5415841296874999 0.4210643078125 0.54139468125 0.557241540625 0.5008863671875 0.556856540625 0.4967622828125 0.5123066890625 0.323492184375 0.5006000625 0.323764659375 0.36909498281249997 0.36288315937500004 0.3703014609375 0.3758068375
1 0.1397675953125 0.6425733671875 0.36819003906250003 0.6506721015625 0.3837934203125 0.6503089296875 0.398881384375 0.44837185 0.397673684375 0.435435075 0.162794528125 0.42710741875 0.1415021265625 0.4276030046875 0.1318095859375 0.5573278625 0.1397675953125 0.6425733671875
1 0.3450835921875 0.43981407812500006 0.3505263875 0.43968739531249995 0.4425021671875 0.4124219296875 0.4390428328125 0.3753658546875 0.4159786515625 0.3036503640625 0.3891490921875 0.304274828125 0.3091227859375 0.3279979734375 0.3450835921875 0.43981407812500006
0 0.4643606390625 0.344650065625 0.536527209375 0.34297036875 0.5355397843749999 0.3187402359375 0.532601925 0.2872701578125 0.4352803859375 0.2794114265625 0.4133011640625 0.27877423437500004 0.415826025 0.3407308859375 0.4643606390625 0.344650065625