1 0.04430985 0.4506580109375 0.21207688593750001 0.4943463453125 0.2328994296875 0.49555912031249993 0.24789961093750001 0.3643296109375 0.2474656453125 0.349415165625 0.059381109375 0.30043593749999997 0.043883775 0.4360148 0.04430985 0.4506580109375
1 0.06892465625000001 0.5997017609374999 0.2158312859375 0.625592584375 0.25524461875000004 0.6278881484375 0.276059471875 0.50119604375 0.090536375 0.4684994515625 0.088874940625 0.46852864375000003 0.068683809375 0.5914243859375 0.06892465625000001 0.5997017609374999
1 0.79557639375 0.645086109375 0.8233978125 0.7342923484375 0.8587328734374999 0.7363503812500001 0.9797581609374999 0.7062947078125 0.9793734015625001 0.6930713921875 0.9509691203124999 0.6019962703124999 0.7954464171875 0.6406191078125001 0.79557639375 0.645086109375
1 0.6026270984375001 0.5004939875 0.62225916875 0.57751111875 0.6250781984375 0.577675309375 0.7976012625 0.5527493515625 0.7739802921875001 0.46008365625 0.6021735374999999 0.4849061203125 0.6026270984375001 0.5004939875
1 0.2442816625 0.51494660625 0.349640525 0.5382351109375 0.3556629234375 0.5385858765625 0.365509715625 0.45573425156249997 0.3652890625 0.44815091406249996 0.2537386640625 0.423493834375 0.2440039546875 0.5054023937500001 0.2442816625 0.51494660625
0 0.3193381078125 0.521254734375 0.3340175609375 0.6605534859375 0.3497826421875 0.6614716984375 0.4943698109375 0.6472200390625 0.4746820625 0.46039573437500003 0.3180166125 0.475837925 0.3193381078125 0.521254734375
0 0.33781892343750003 0.621778590625 0.3402566296875 0.5175234875 0.2363461734375 0.5102647421875 0.23942414531249998 0.616047746875 0.33781892343750003 0.621778590625
0 0.5150279546875 0.4383817109375 0.54717535625 0.54038109375 0.55581333125 0.5408841984375 0.6347928671874999 0.5311264234374999 0.634137971875 0.5086191640625 0.6068656953125 0.42208789375 0.5987554687500001 0.42161552812499997 0.51484176875 0.431982909375 0.5150279546875 0.4383817109375
0 0.6953309671875 0.69875596875 0.7010108078124999 0.5768477859375001 0.701103146875 0.568940409375 0.5951257390625 0.5664805562499999 0.5801265734375 0.5666561515625 0.5778787140625 0.61490265 0.5801233531250001 0.6920458890625001 0.6953309671875 0.69875596875
0 0.777710453125 0.513551296875 0.7785486671874999 0.5231809453125 0.7981091124999999 0.636108625 0.7999841453125 0.6362178328125 0.924720603125 0.6339678671875 0.9232840609374999 0.5845971453125001 0.9090104140624999 0.50219156875 0.900835340625 0.501715425 0.7774308328124999 0.503941365625 0.777710453125 0.513551296875
0 0.6982144203125 0.56909895 0.7021481875 0.6306719375000001 0.7072291296875 0.69320955 0.7989863890625 0.6985538015625 0.8158589640624999 0.698849221875 0.8136552328125 0.6231118906249999 0.8091022078125001 0.5670720375 0.6980988906250001 0.5651284859375 0.6982144203125 0.56909895