1 0.9681649999999999 0.31497875 0.77636 0.31497875 0.77636 0.47025125 0.9681649999999999 0.47025125 0.9681649999999999 0.31497875
1 0.9389375 0.46659875 0.7489575 0.46659875 0.7489575 0.60177625 0.9389375 0.60177625 0.9389375 0.46659875
1 0.21555375 0.5634137499999999 0.04932125 0.5634137499999999 0.04932125 0.67119125 0.21555375 0.67119125 0.21555375 0.5634137499999999
1 0.40553249999999996 0.43737125 0.2246875 0.43737125 0.2246875 0.53053375 0.40553249999999996 0.53053375 0.40553249999999996 0.43737125
1 0.76722375 0.41727625 0.6539662500000001 0.41727625 0.6539662500000001 0.5104387499999999 0.76722375 0.5104387499999999 0.76722375 0.41727625
0 0.6831962500000001 0.44467749999999995 0.52244375 0.44467749999999995 0.52244375 0.6346575 0.6831962500000001 0.6346575 0.6831962500000001 0.44467749999999995
0 0.78183875 0.49765125 0.6740612500000001 0.49765125 0.6740612500000001 0.60542875 0.78183875 0.60542875 0.78183875 0.49765125
0 0.48956125000000006 0.39718375 0.39091875 0.39718375 0.39091875 0.50678625 0.48956125000000006 0.50678625 0.48956125000000006 0.39718375
0 0.438415 0.52688 0.316025 0.52688 0.316025 0.658405 0.438415 0.658405 0.438415 0.52688
0 0.23382125 0.45563750000000003 0.09864375 0.45563750000000003 0.09864375 0.5871625 0.23382125 0.5871625 0.23382125 0.45563750000000003
0 0.31785125000000003 0.5214000000000001 0.20459375 0.5214000000000001 0.20459375 0.65475 0.31785125000000003 0.65475 0.31785125000000003 0.5214000000000001