0 0.2225 0.40499999999999997 0.13 0.40499999999999997 0.13 0.51 0.2225 0.51 0.2225 0.40499999999999997
0 0.1825 0.52 0.034999999999999996 0.52 0.034999999999999996 0.6325000000000001 0.1825 0.6325000000000001 0.1825 0.52
0 0.465 0.55 0.315 0.55 0.315 0.7025 0.465 0.7025 0.465 0.55
0 0.6375 0.62 0.505 0.62 0.505 0.73 0.6375 0.73 0.6375 0.62
0 0.6275000000000001 0.43499999999999994 0.4525 0.43499999999999994 0.4525 0.615 0.6275000000000001 0.615 0.6275000000000001 0.43499999999999994
1 0.9574999999999999 0.515 0.7925 0.515 0.7925 0.7925 0.9574999999999999 0.7925 0.9574999999999999 0.515
1 0.7725 0.495 0.63 0.495 0.63 0.7025 0.7725 0.7025 0.7725 0.495
1 0.775 0.4425 0.645 0.4425 0.645 0.5125 0.775 0.5125 0.775 0.4425
1 0.6475 0.255 0.49749999999999994 0.255 0.49749999999999994 0.44000000000000006 0.6475 0.44000000000000006 0.6475 0.255
1 0.505 0.35 0.355 0.35 0.355 0.5375 0.505 0.5375 0.505 0.35
1 0.35 0.4425 0.09 0.4425 0.09 0.6575 0.35 0.6575 0.35 0.4425
1 0.3975 0.3225 0.2875 0.3225 0.2875 0.44000000000000006 0.3975 0.44000000000000006 0.3975 0.3225
0 0.505 0.29 0.385 0.29 0.385 0.355 0.505 0.355 0.505 0.29