0 0.080458178125 0.4222605296875 0.0976376265625 0.5214333140625 0.1179062734375 0.522023071875 0.18565330468750002 0.5119393328124999 0.1867386859375 0.5003128171875 0.170671690625 0.40756194375000004 0.16973527500000002 0.40746860625 0.0805645828125 0.42074112656249996 0.080458178125 0.4222605296875
0 0 0.6439318890625 0.0036702109375 0.64403868125 0.1346384359375 0.6052698078125001 0.13713599999999998 0.57851611875 0.122917584375 0.507783146875 0.0848774109375 0.506676290625 0 0.53180148125 0 0.6439318890625
0 0.27992561718750003 0.7272806171874999 0.282953721875 0.7273687265625 0.41580044687499995 0.6983100140625 0.4188578203125 0.665559696875 0.3939290421875 0.54814681875 0.2490716140625 0.5798327375000001 0.2490076046875 0.58165885625 0.27992561718750003 0.7272806171874999
0 0.4416381375 0.7507869015625 0.48184383750000004 0.7519567687500001 0.57261264375 0.747182696875 0.5738848296875 0.7335551578125 0.5711349984375 0.637510334375 0.439495296875 0.64443405 0.43880491250000003 0.6518293734375 0.4416381375 0.7507869015625
0 0.4049599578125 0.6384808343749999 0.4161998203125 0.63880788125 0.57953180625 0.622716759375 0.5802369921875 0.6151628625 0.573195796875 0.443378696875 0.398095096875 0.46062924375 0.3977943453125 0.4636613609375 0.4049599578125 0.6384808343749999
1 0.7234415375000001 0.62244105 0.7064773875 0.816462475 0.71911493125 0.8168301890624999 0.7311333109375 0.816134103125 0.873583646875 0.79585899375 0.8867144250000001 0.6552032453125001 0.8972116328125 0.5351451843749999 0.8178204890625 0.5328351390625 0.7306483359375 0.5452424437500001 0.7234415375000001 0.62244105
1 0.674507828125 0.7246610890625 0.6825595343749999 0.72489536875 0.7463647953125 0.5306819453125 0.747063815625 0.5231941 0.6353801 0.500921728125 0.6112446796875 0.500219459375 0.5459323703125001 0.6990201046875 0.674507828125 0.7246610890625
1 0.59598228125 0.47816747968750006 0.598725021875 0.5407137 0.605401803125 0.540907975 0.7273722625000001 0.515951528125 0.7284728234375 0.5041624265625 0.7262400609374999 0.453245878125 0.7010542703125 0.45251304687499994 0.5963777765625 0.47393096406249996 0.59598228125 0.47816747968750006
1 0.5622530421875 0.46444875 0.5920987484375 0.46531717187500005 0.6319952453125001 0.2956925625 0.6326378921875 0.288808584375 0.48844290937499996 0.261426853125 0.44601060625000005 0.441832734375 0.44596086250000005 0.44236558906249995 0.5622530421875 0.46444875
1 0.3697671515625 0.559119615625 0.4669907875 0.552751415625 0.4724820875 0.4939290984375 0.456809021875 0.363695978125 0.30871820625 0.3733960046875 0.3309333578125 0.5579896671875 0.3697671515625 0.559119615625
1 0.0127942109375 0.635400178125 0.2385132515625 0.6790733125 0.24661024375 0.6793089109375 0.31910518906249996 0.47377153437499997 0.319475171875 0.47142588124999996 0.31965629375 0.46948571718750004 0.08588035625 0.42425369843749994 0.07342506875 0.4238912859375 0.0178227703125 0.5815346984375 0.0127942109375 0.635400178125
1 0.26182306718750004 0.45100689843749997 0.3587200234375 0.45382631093750003 0.3649932515625 0.38662804687499996 0.36130610937499996 0.33705093124999996 0.2532564234375 0.33582024062500004 0.26182306718750004 0.45100689843749997
0 0.35335216406250003 0.3139634 0.3534483296875 0.370635475 0.3636714359375 0.3709329375 0.3671701734375 0.37075053125 0.47330773437499996 0.3508222078125 0.47548861562500006 0.327460809375 0.4754345546875 0.2956022265625 0.43391098906250003 0.2943940140625 0.35377440312499997 0.3094404125 0.35335216406250003 0.3139634