1 0.598998821875 0.5290581578125 0.5766344250000001 0.6938358484375 0.5758675078125 0.7267857109375 0.7417051859375 0.7547675859375 0.7461365640625 0.7547416499999999 0.77396056875 0.5497383609375001 0.7738104015625 0.5460749421875 0.6512882828125 0.5254017234374999 0.598998821875 0.5290581578125
1 0.42577901406249996 0.6070325999999999 0.4248413140625 0.64732001875 0.44599596718749995 0.7704460140625 0.44907912968749997 0.77028416875 0.633315375 0.7314206000000001 0.6057028890625 0.5707082015625 0.5941475640625 0.5715162281249999 0.42577901406249996 0.6070325999999999
1 0.23934251875 0.6181660109375 0.2297834453125 0.6195007109375 0.1988242015625 0.7737749140625 0.19853117343749999 0.7863645984375001 0.4173461484375 0.7943893203125 0.43215460625 0.7933538125 0.46428983125 0.6332195125 0.46446292656250004 0.6257826359374999 0.2453400328125 0.617746625 0.23934251875 0.6181660109375
1 0.64101875625 0.60850685 0.8294321140625 0.6382565875 0.86260308125 0.4366989078125 0.707786628125 0.4122539890625 0.6693138281250001 0.41494426874999996 0.641605196875 0.5833110109375 0.64101875625 0.60850685
1 0.673152434375 0.3335580875 0.648228746875 0.49980262968750006 0.6480587390625 0.5071068015625 0.7818495234375 0.51031705 0.8068272078125001 0.508570440625 0.8325790984375001 0.33680165781250004 0.8325762687499999 0.33631660937499996 0.6845106578125 0.3327638421875 0.673152434375 0.3335580875
1 0.7007665125 0.24621709531249997 0.661346771875 0.40535353281250003 0.6608906875 0.42494879374999994 0.79914469375 0.4416777515625 0.8125388046875001 0.44074114375000006 0.8565685953125 0.2629940609375 0.7096061312499999 0.24521136562499998 0.705899053125 0.24547058906250002 0.7007665125 0.24621709531249997
1 0.566172153125 0.2782251359375 0.56103591875 0.35867965 0.5602336203125 0.3931496578125 0.64968025625 0.3868949390625 0.6521318953125 0.3865811375 0.6526742718749999 0.3780852984375 0.655242765625 0.2677323046875 0.6396079625 0.268825596875 0.566172153125 0.2782251359375
1 0.47449679375000003 0.457559328125 0.47356214999999996 0.49771546093749996 0.64760773125 0.5058520921875 0.6533157109375 0.5057186578125 0.6701175796875 0.335560559375 0.5745544796875001 0.3310929859375 0.4863755671875 0.33725905625 0.47449679375000003 0.457559328125
1 0.6366472296875 0.41410862656249997 0.498459134375 0.4333711390625 0.497247465625 0.485429359375 0.4949155328125 0.6191026500000001 0.540527678125 0.6159131390625 0.6677784953125 0.598175209375 0.6679609765625 0.5903351156250001 0.67107725 0.4117010453125 0.6366472296875 0.41410862656249997
1 0.34783791875 0.6716164171875 0.4942028265625 0.6613815859375001 0.4933647875 0.5177253265624999 0.4601696921875 0.520046553125 0.365889315625 0.5293762390625 0.35109651249999996 0.5316139265625 0.34783791875 0.6716164171875
1 0.324276046875 0.5507380109375 0.323939671875 0.5590067046875 0.3238915140625 0.5610757484375 0.5180452765625 0.5793154375 0.541435103125 0.3965452390625 0.5420158749999999 0.3715929265625 0.46106635 0.3639881609375 0.3471558015625 0.3719535625 0.324276046875 0.5507380109375
1 0.378185346875 0.30607675156249997 0.3778269640625 0.3214743375 0.3882528015625 0.43296485 0.5569688984375001 0.409321278125 0.5570802703125 0.40453627656249996 0.5460226265625 0.28628942031250004 0.492853396875 0.29000737499999996 0.378185346875 0.30607675156249997
1 0.20670751406250001 0.43507567812500003 0.206393475 0.44856812812499997 0.22116869687500001 0.61312206875 0.367376303125 0.576717446875 0.367849065625 0.5564056828124999 0.35376690625 0.39957049375000003 0.3475595453125 0.40000455468749996 0.20670751406250001 0.43507567812500003
1 0.204465434375 0.464382459375 0.3801020734375 0.47660416406249995 0.3938362453125 0.3381587546875 0.2325028375 0.3269323421875 0.2143157296875 0.328204109375 0.205587078125 0.41619205625 0.204465434375 0.464382459375
1 0.104180696875 0.3495644390625 0.1037274203125 0.36903905937500003 0.11715659687499999 0.4946490453125 0.26069058125 0.4629350484375 0.2608634421875 0.455508259375 0.246677646875 0.32282122968750004 0.215281028125 0.3250166953125 0.104180696875 0.3495644390625
1 0.0871622859375 0.4416126578125 0.062139175000000005 0.614331053125 0.061918476562500005 0.6238131984375 0.178421903125 0.630672684375 0.1814919390625 0.6305830171875 0.200751628125 0.4976458 0.20202952968750001 0.4427419140625 0.130902090625 0.43855407343749997 0.0871622859375 0.4416126578125