1 0.39249999999999996 0.20249999999999999 0.215 0.20249999999999999 0.215 0.4175 0.39249999999999996 0.4175 0.39249999999999996 0.20249999999999999
1 0.55 0.20750000000000002 0.36 0.20750000000000002 0.36 0.375 0.55 0.375 0.55 0.20750000000000002
1 0.7725 0.195 0.5325 0.195 0.5325 0.3625 0.7725 0.3625 0.7725 0.195
1 0.3275 0.3175 0.1325 0.3175 0.1325 0.5225 0.3275 0.5225 0.3275 0.3175
1 0.3275 0.445 0.16499999999999998 0.445 0.16499999999999998 0.62 0.3275 0.62 0.3275 0.445
1 0.31 0.52 0.15 0.52 0.15 0.7 0.31 0.7 0.31 0.52
1 0.4325 0.5675 0.3375 0.5675 0.3375 0.6875 0.4325 0.6875 0.4325 0.5675
1 0.5125 0.4525 0.3275 0.4525 0.3275 0.625 0.5125 0.625 0.5125 0.4525
1 0.495 0.35 0.3225 0.35 0.3225 0.54 0.495 0.54 0.495 0.35
1 0.635 0.3075 0.485 0.3075 0.485 0.4525 0.635 0.4525 0.635 0.3075
1 0.655 0.39 0.4575 0.39 0.4575 0.6 0.655 0.6 0.655 0.39
1 0.6125 0.5375 0.4425 0.5375 0.4425 0.665 0.6125 0.665 0.6125 0.5375
1 0.7825 0.3825 0.6325000000000001 0.3825 0.6325000000000001 0.5650000000000001 0.7825 0.5650000000000001 0.7825 0.3825
1 0.7775000000000001 0.5075000000000001 0.5974999999999999 0.5075000000000001 0.5974999999999999 0.6475 0.7775000000000001 0.6475 0.7775000000000001 0.5075000000000001
1 0.885 0.505 0.74 0.505 0.74 0.6525000000000001 0.885 0.6525000000000001 0.885 0.505
1 0.9175000000000001 0.36 0.795 0.36 0.795 0.5475 0.9175000000000001 0.5475 0.9175000000000001 0.36