1 0.571982471875 0.390098259375 0.7203789453125 0.4165010015625 0.7430288109375 0.4161056453125 0.7858781921875 0.23365211874999997 0.787809790625 0.2099890640625 0.6220735453125 0.1805012265625 0.6199522 0.18061201875 0.5726368609375 0.382081678125 0.571982471875 0.390098259375
1 0.42314961406249996 0.22550531093749998 0.4391172984375 0.3761625046875 0.4570240265625 0.375849940625 0.6218101093749999 0.34901946562499997 0.624795675 0.3124447640625 0.6112427859375 0.1845714625 0.6101656906249999 0.18459651875 0.42401486093749996 0.2149056015625 0.42314961406249996 0.22550531093749998
1 0.18624274999999998 0.337069525 0.399246403125 0.3784187265625 0.41380338906249997 0.378164634375 0.46540493437499997 0.21758140468749998 0.23936257031250002 0.17370106875 0.23686621093750002 0.17384588125 0.1868647546875 0.3294496515625 0.18624274999999998 0.337069525
1 0.6449231281250001 0.41401713281249997 0.63936806875 0.4933867890625 0.6390218234375 0.5130977890625 0.83069165625 0.5097521796875 0.8471480109374999 0.308153521875 0.653564278125 0.3081586765625 0.6449231281250001 0.41401713281249997
1 0.620052821875 0.5275495390625 0.6160943 0.61335550625 0.6815506484375 0.6122129609375 0.778704221875 0.5939360687499999 0.7795340828125 0.58902158125 0.78719826875 0.42289067343750003 0.62612250625 0.45319284375 0.620052821875 0.5275495390625
1 0.7886389125 0.6867971390625 0.8131792828125001 0.51081508125 0.653911271875 0.5154530015625001 0.6348419515625 0.65220149375 0.6317944546875001 0.68953486875 0.7886389125 0.6867971390625
1 0.5061235578125001 0.6617072984375 0.592787296875 0.6824143734375 0.5965903531250001 0.6823479906250001 0.62591178125 0.566875925 0.6259476296875001 0.566436765625 0.55344565 0.5491134453125001 0.5330112546875 0.5494701281250001 0.50688741875 0.65234961875 0.5061235578125001 0.6617072984375
1 0.44682983906249996 0.47060654375000005 0.444423678125 0.6051934625000001 0.46802438593750006 0.606578434375 0.6270766421875 0.6038021671875 0.630121046875 0.4335153546875 0.449600353125 0.43666635468750004 0.44682983906249996 0.47060654375000005
1 0.4674778328125 0.37057131249999997 0.46167640624999995 0.5364769234375 0.49209211093749994 0.5359460140625 0.635095759375 0.52189841875 0.64171275 0.33266981093750003 0.46918829375 0.3496173078125 0.4674778328125 0.37057131249999997
1 0.3451859859375 0.301348671875 0.33364786562500004 0.4426964671875 0.47107400468750005 0.442696465625 0.4782564640625 0.4425710953125 0.4899613078125 0.299180840625 0.4693808828125 0.299180840625 0.3451859859375 0.301348671875
1 0.2944141828125 0.5792743875 0.2943261515625 0.584285765625 0.4537686015625 0.6021464484375 0.4882661890625 0.6015442906249999 0.5250630546874999 0.41047590156249997 0.5260222234375 0.3987256140625 0.3352857734375 0.377359390625 0.333208290625 0.377491909375 0.294462834375 0.5786783796875 0.2944141828125 0.5792743875
1 0.330568496875 0.575991009375 0.33768163281249997 0.672824796875 0.35566423281250004 0.672510909375 0.50922446875 0.6356258625 0.5093659500000001 0.6346133296875001 0.5004381625 0.513076009375 0.49943990468750005 0.5131108078125 0.3324266859375 0.5532272515625001 0.330568496875 0.575991009375
1 0.18319750625 0.41260358437500005 0.18150787031249999 0.5529836171875 0.20100144531250003 0.5540123515625 0.2612878046875 0.55401718125 0.3263052890625 0.552882296875 0.32993020781250004 0.5084752140625 0.3315752953125 0.37179635312500003 0.3236828953125 0.3717957203125 0.18633292031249998 0.3741931734375 0.18319750625 0.41260358437500005
1 0.18178625937499998 0.5063486359375 0.18032649375 0.6309360765625 0.3405883796875 0.6384480375 0.35038455156250004 0.6382770453125 0.3609076859375 0.5093633343749999 0.36101181250000003 0.500476328125 0.1820105625 0.5036008062499999 0.18178625937499998 0.5063486359375
1 0.0820652671875 0.49473457656250003 0.062992134375 0.58541855 0.059090653125 0.6332136609375 0.18504095 0.651888946875 0.18839657031249998 0.652026471875 0.19409834374999999 0.651926946875 0.22440269062499998 0.50784371875 0.1303120578125 0.493892425 0.0820652671875 0.49473457656250003
1 0.0225334625 0.52674761875 0.125068371875 0.5516431500000001 0.126805809375 0.5516837531250001 0.13123375937499998 0.5516064625 0.1909947890625 0.370419925 0.0920410359375 0.3463939 0.07367304218750001 0.3467145140625 0.025243784375 0.493544809375 0.0225334625 0.52674761875