1 0.3212890625 0.556640625 0.345703125 0.5283203125 0.357421875 0.4931640625 0.35546875 0.4775390625 0.341796875 0.4560546875 0.33203125 0.4248046875 0.3017578125 0.40234375 0.2607421875 0.40234375 0.1533203125 0.41796875 0.1142578125 0.416015625 0.0986328125 0.421875 0.083984375 0.4443359375 0.064453125 0.5400390625 0.080078125 0.6044921875 0.109375 0.6083984375 0.1533203125 0.591796875 0.2099609375 0.5859375 0.3056640625 0.564453125 0.3212890625 0.556640625
1 0.31640625 0.3310546875 0.298828125 0.3115234375 0.298828125 0.2802734375 0.2900390625 0.23828125 0.2705078125 0.234375 0.2548828125 0.240234375 0.1943359375 0.240234375 0.1240234375 0.259765625 0.0771484375 0.259765625 0.0703125 0.2646484375 0.072265625 0.3583984375 0.08203125 0.3974609375 0.0869140625 0.40234375 0.1318359375 0.4140625 0.1640625 0.4130859375 0.2822265625 0.3984375 0.306640625 0.3857421875 0.30859375 0.3447265625 0.31640625 0.3310546875
1 0.462890625 0.6220703125 0.47265625 0.5947265625 0.470703125 0.5458984375 0.4384765625 0.51953125 0.4130859375 0.515625 0.3974609375 0.521484375 0.3603515625 0.55078125 0.3369140625 0.55078125 0.3154296875 0.564453125 0.244140625 0.5830078125 0.30859375 0.6376953125 0.32421875 0.6552734375 0.328125 0.6787109375 0.3427734375 0.693359375 0.349609375 0.6943359375 0.3818359375 0.673828125 0.3955078125 0.671875 0.4267578125 0.65625 0.462890625 0.6220703125
1 0.73828125 0.7158203125 0.748046875 0.6806640625 0.763671875 0.6552734375 0.759765625 0.6279296875 0.732421875 0.5908203125 0.7060546875 0.5703125 0.6767578125 0.568359375 0.6533203125 0.572265625 0.6181640625 0.591796875 0.5537109375 0.61328125 0.537109375 0.6298828125 0.529296875 0.6748046875 0.53515625 0.7099609375 0.6005859375 0.7421875 0.6181640625 0.7578125 0.6328125 0.7568359375 0.6572265625 0.740234375 0.6904296875 0.7265625 0.7275390625 0.728515625 0.73828125 0.7158203125
1 0.5810546875 0.734375 0.5341796875 0.7109375 0.4912109375 0.69921875 0.4423828125 0.67578125 0.4052734375 0.671875 0.3896484375 0.6796875 0.3515625 0.7275390625 0.373046875 0.7705078125 0.3857421875 0.78125 0.4638671875 0.822265625 0.5126953125 0.84375 0.53125 0.8466796875 0.560546875 0.8310546875 0.6015625 0.7744140625 0.60546875 0.7529296875 0.5810546875 0.734375
1 0.6962890625 0.91796875 0.765625 0.8779296875 0.7734375 0.8603515625 0.767578125 0.8095703125 0.763671875 0.7978515625 0.7421875 0.7705078125 0.74609375 0.7431640625 0.7392578125 0.736328125 0.7275390625 0.73046875 0.6962890625 0.7265625 0.6630859375 0.740234375 0.6123046875 0.779296875 0.6005859375 0.783203125 0.5556640625 0.841796875 0.52734375 0.8544921875 0.53515625 0.8818359375 0.533203125 0.9091796875 0.544921875 0.9560546875 0.5517578125 0.9609375 0.580078125 0.9599609375 0.6357421875 0.947265625 0.6865234375 0.9453125 0.693359375 0.9384765625 0.6962890625 0.91796875
1 0.5166015625 0.951171875 0.525390625 0.9501953125 0.5244140625 0.94140625 0.517578125 0.9482421875 0.52734375 0.9306640625 0.525390625 0.9169921875 0.509765625 0.8955078125 0.5078125 0.8720703125 0.49609375 0.8583984375 0.494140625 0.8427734375 0.4775390625 0.828125 0.4443359375 0.814453125 0.3779296875 0.8203125 0.373046875 0.8251953125 0.373046875 0.9365234375 0.376953125 0.9462890625 0.3994140625 0.958984375 0.46484375 0.9599609375 0.4970703125 0.958984375 0.5009765625 0.953125 0.5146484375 0.958984375 0.5166015625 0.951171875
1 0.70703125 0.3134765625 0.6943359375 0.298828125 0.6708984375 0.2890625 0.6455078125 0.26953125 0.6005859375 0.251953125 0.5693359375 0.23046875 0.5595703125 0.232421875 0.529296875 0.2919921875 0.537109375 0.3232421875 0.52734375 0.3349609375 0.529296875 0.3466796875 0.5458984375 0.361328125 0.5986328125 0.3828125 0.6357421875 0.392578125 0.677734375 0.3955078125 0.6953125 0.3779296875 0.6953125 0.3525390625 0.708984375 0.3212890625 0.70703125 0.3134765625
1 0.6240234375 0.509765625 0.5634765625 0.5078125 0.5341796875 0.51953125 0.521484375 0.5380859375 0.51953125 0.5458984375 0.5390625 0.5791015625 0.541015625 0.6025390625 0.5458984375 0.607421875 0.5625 0.6083984375 0.6201171875 0.587890625 0.650390625 0.5712890625 0.6484375 0.5341796875 0.6240234375 0.509765625
1 0.84375 0.5576171875 0.8056640625 0.548828125 0.7958984375 0.552734375 0.779296875 0.5751953125 0.76171875 0.6142578125 0.76171875 0.6259765625 0.7724609375 0.658203125 0.8037109375 0.6796875 0.82421875 0.6806640625 0.8388671875 0.677734375 0.84375 0.6708984375 0.853515625 0.6201171875 0.84375 0.5576171875
0 0.3125 0.6533203125 0.2607421875 0.6015625 0.2412109375 0.591796875 0.1826171875 0.58984375 0.1416015625 0.599609375 0.1328125 0.6103515625 0.123046875 0.6435546875 0.123046875 0.6650390625 0.1328125 0.6806640625 0.1650390625 0.705078125 0.2021484375 0.71484375 0.232421875 0.7138671875 0.2646484375 0.7109375 0.2939453125 0.693359375 0.31640625 0.6650390625 0.3125 0.6533203125
0 0.349609375 0.7373046875 0.33984375 0.7060546875 0.3173828125 0.669921875 0.2998046875 0.69140625 0.2666015625 0.7109375 0.2158203125 0.71484375 0.205078125 0.7216796875 0.212890625 0.7626953125 0.2216796875 0.775390625 0.3447265625 0.80078125 0.37109375 0.8017578125 0.376953125 0.7978515625 0.376953125 0.7900390625 0.369140625 0.7666015625 0.349609375 0.7373046875
0 0.5283203125 0.326171875 0.53125 0.3134765625 0.5068359375 0.302734375 0.4853515625 0.2734375 0.4404296875 0.25390625 0.3525390625 0.232421875 0.3193359375 0.23046875 0.3056640625 0.234375 0.294921875 0.2490234375 0.302734375 0.3095703125 0.322265625 0.3310546875 0.322265625 0.3427734375 0.3125 0.3603515625 0.31640625 0.3740234375 0.3310546875 0.38671875 0.3642578125 0.3984375 0.419921875 0.3994140625 0.4541015625 0.39453125 0.4990234375 0.375 0.5078125 0.3291015625 0.5283203125 0.326171875
0 0.498046875 0.1416015625 0.4541015625 0.1015625 0.4287109375 0.087890625 0.4033203125 0.0859375 0.3662109375 0.091796875 0.35546875 0.1357421875 0.376953125 0.1904296875 0.3857421875 0.19921875 0.4287109375 0.212890625 0.46484375 0.2138671875 0.4892578125 0.20703125 0.505859375 0.1826171875 0.505859375 0.1650390625 0.498046875 0.1416015625
0 0.65625 0.4248046875 0.634765625 0.4052734375 0.6318359375 0.396484375 0.6083984375 0.388671875 0.5322265625 0.392578125 0.4794921875 0.388671875 0.4521484375 0.3984375 0.453125 0.4365234375 0.46484375 0.4755859375 0.458984375 0.5263671875 0.474609375 0.5283203125 0.5400390625 0.5078125 0.6455078125 0.49609375 0.654296875 0.4833984375 0.65625 0.4248046875