0 0.3232421875 0.510546875 0.3359375 0.5017578125 0.33984375 0.4958984375 0.337890625 0.4666015625 0.353515625 0.4490234375 0.3466796875 0.440234375 0.3291015625 0.436328125 0.2998046875 0.420703125 0.2587890625 0.42265625 0.248046875 0.4333984375 0.234375 0.4607421875 0.234375 0.5095703125 0.2265625 0.5408203125 0.21875 0.5564453125 0.1953125 0.5779296875 0.197265625 0.5876953125 0.2138671875 0.600390625 0.2412109375 0.608203125 0.251953125 0.6072265625 0.251953125 0.5701171875 0.26953125 0.5349609375 0.2919921875 0.5125 0.3232421875 0.510546875
0 0.4287109375 0.627734375 0.443359375 0.5974609375 0.44140625 0.4626953125 0.4208984375 0.444140625 0.4013671875 0.4421875 0.3955078125 0.432421875 0.3779296875 0.4265625 0.3720703125 0.428515625 0.33984375 0.4646484375 0.33984375 0.5017578125 0.3310546875 0.510546875 0.2998046875 0.510546875 0.2802734375 0.522265625 0.263671875 0.5447265625 0.251953125 0.5720703125 0.251953125 0.5955078125 0.2578125 0.6111328125 0.2880859375 0.6296875 0.31640625 0.6560546875 0.3310546875 0.6765625 0.35546875 0.6775390625 0.3701171875 0.67265625 0.3896484375 0.658984375 0.4072265625 0.635546875 0.4287109375 0.627734375
0 0.330078125 0.6931640625 0.330078125 0.6814453125 0.3154296875 0.662890625 0.2900390625 0.651171875 0.2587890625 0.623828125 0.1689453125 0.623828125 0.1513671875 0.616015625 0.1201171875 0.6140625 0.1064453125 0.61796875 0.099609375 0.6248046875 0.091796875 0.6404296875 0.091796875 0.6560546875 0.115234375 0.6931640625 0.1572265625 0.74296875 0.318359375 0.7439453125 0.32421875 0.7400390625 0.337890625 0.7146484375 0.337890625 0.7048828125 0.330078125 0.6931640625
0 0.5849609375 0.655078125 0.5283203125 0.64140625 0.4853515625 0.6375 0.4521484375 0.6296875 0.4091796875 0.639453125 0.3935546875 0.658984375 0.3583984375 0.68046875 0.35546875 0.6990234375 0.328125 0.7341796875 0.3291015625 0.74296875 0.595703125 0.7419921875 0.6015625 0.7380859375 0.603515625 0.6912109375 0.591796875 0.6619140625 0.5849609375 0.655078125
0 0.8427734375 0.35234375 0.865234375 0.3376953125 0.873046875 0.3279296875 0.873046875 0.3201171875 0.8525390625 0.315234375 0.8388671875 0.326953125 0.8212890625 0.319140625 0.8076171875 0.303515625 0.7900390625 0.303515625 0.7353515625 0.334765625 0.7080078125 0.32890625 0.6865234375 0.3328125 0.6689453125 0.32890625 0.6494140625 0.340625 0.6328125 0.3630859375 0.642578125 0.4119140625 0.640625 0.4705078125 0.6572265625 0.48125 0.6943359375 0.48515625 0.7041015625 0.491015625 0.7529296875 0.491015625 0.7548828125 0.494921875 0.7763671875 0.50078125 0.7890625 0.4998046875 0.81640625 0.4470703125 0.82421875 0.4177734375 0.826171875 0.3728515625 0.8427734375 0.35234375
0 0.794921875 0.5544921875 0.8046875 0.5349609375 0.80078125 0.5232421875 0.7841796875 0.5046875 0.7685546875 0.498828125 0.7119140625 0.494921875 0.6357421875 0.479296875 0.6064453125 0.479296875 0.6083984375 0.483203125 0.6533203125 0.494921875 0.66015625 0.5017578125 0.6484375 0.5681640625 0.6513671875 0.575 0.6640625 0.5759765625 0.654296875 0.5896484375 0.654296875 0.6013671875 0.6640625 0.6033203125 0.7177734375 0.58671875 0.7314453125 0.576953125 0.7685546875 0.575 0.794921875 0.5544921875
0 0.888671875 0.5291015625 0.88671875 0.5095703125 0.8740234375 0.49296875 0.8134765625 0.463671875 0.80859375 0.4666015625 0.791015625 0.5037109375 0.8046875 0.5349609375 0.794921875 0.5544921875 0.783203125 0.5642578125 0.8046875 0.5662109375 0.8232421875 0.561328125 0.8740234375 0.559375 0.88671875 0.5408203125 0.888671875 0.5291015625
0 0.8916015625 0.65703125 0.8740234375 0.653125 0.8388671875 0.653125 0.7998046875 0.6609375 0.7890625 0.6716796875 0.78125 0.6892578125 0.765625 0.7048828125 0.765625 0.7283203125 0.7685546875 0.73515625 0.7734375 0.7341796875 0.8818359375 0.690234375 0.9130859375 0.674609375 0.9140625 0.6697265625 0.8916015625 0.65703125
0 0.607421875 0.4568359375 0.5908203125 0.440234375 0.5732421875 0.434375 0.5439453125 0.436328125 0.5244140625 0.428515625 0.5126953125 0.408984375 0.4970703125 0.408984375 0.4638671875 0.424609375 0.4345703125 0.424609375 0.421875 0.4333984375 0.419921875 0.4412109375 0.44140625 0.4607421875 0.44140625 0.4998046875 0.44921875 0.5134765625 0.5029296875 0.4890625 0.5908203125 0.48125 0.607421875 0.4724609375 0.607421875 0.4568359375
1 0 0.5486328125 0.0068359375 0.549609375 0.0263671875 0.533984375 0.0380859375 0.53203125 0.0810546875 0.553515625 0.1123046875 0.575 0.1259765625 0.590625 0.138671875 0.5916015625 0.1572265625 0.58671875 0.1728515625 0.576953125 0.1943359375 0.573046875 0.21484375 0.5583984375 0.224609375 0.5408203125 0.232421875 0.5076171875 0.232421875 0.4666015625 0.22265625 0.4470703125 0.1982421875 0.43046875 0.1435546875 0.412890625 0.1083984375 0.408984375 0.0732421875 0.42265625 0 0.4841796875 0 0.5486328125
1 0 0.7048828125 0.0244140625 0.715625 0.0478515625 0.713671875 0.07421875 0.7205078125 0.1064453125 0.715625 0.1142578125 0.71953125 0.12109375 0.7146484375 0.091796875 0.6658203125 0.087890625 0.6443359375 0.09765625 0.6228515625 0.123046875 0.6072265625 0.123046875 0.5974609375 0.115234375 0.5798828125 0.0869140625 0.559375 0.0576171875 0.53984375 0.0302734375 0.533984375 0 0.5564453125 0 0.7048828125
1 0.658203125 0.5154296875 0.6552734375 0.496875 0.6123046875 0.48515625 0.5205078125 0.487109375 0.4833984375 0.496875 0.44921875 0.5173828125 0.4453125 0.5564453125 0.451171875 0.6130859375 0.4580078125 0.62578125 0.5908203125 0.655078125 0.603515625 0.6541015625 0.6259765625 0.639453125 0.650390625 0.6091796875 0.64453125 0.5603515625 0.658203125 0.5154296875
1 0.79296875 0.6033203125 0.7607421875 0.57890625 0.7333984375 0.580859375 0.6865234375 0.600390625 0.6591796875 0.60625 0.63671875 0.6248046875 0.6171875 0.6501953125 0.623046875 0.6736328125 0.6572265625 0.694140625 0.6787109375 0.7 0.6826171875 0.69609375 0.7060546875 0.6921875 0.7412109375 0.705859375 0.75390625 0.7048828125 0.779296875 0.6873046875 0.78515625 0.6697265625 0.798828125 0.6560546875 0.79296875 0.6033203125
1 0.9482421875 0.569140625 0.9111328125 0.561328125 0.8720703125 0.561328125 0.7978515625 0.575 0.77734375 0.5857421875 0.810546875 0.6208984375 0.810546875 0.6306640625 0.802734375 0.6423828125 0.80078125 0.6541015625 0.8037109375 0.65703125 0.8623046875 0.651171875 0.8955078125 0.655078125 0.9091796875 0.66484375 0.927734375 0.6638671875 0.9619140625 0.651171875 0.974609375 0.6404296875 0.96484375 0.5916015625 0.9482421875 0.569140625
1 0.7294921875 0.70390625 0.6884765625 0.7078125 0.6591796875 0.70390625 0.6435546875 0.7078125 0.62890625 0.7166015625 0.6171875 0.7380859375 0.6201171875 0.744921875 0.748046875 0.7439453125 0.763671875 0.7361328125 0.76171875 0.7166015625 0.7490234375 0.7078125 0.7294921875 0.70390625