0 0.6946096734375 0.567584096875 0.673167384375 0.5373089390625 0.66363936875 0.500153225 0.6412898046875 0.48905388906249997 0.585159334375 0.4218790421875 0.5776496265625 0.420245221875 0.5697413265625 0.41973843593750004 0.537178065625 0.46094589218750004 0.5174727609375 0.4975887 0.499864425 0.50896035 0.49817005625000005 0.527909775 0.49841254375000005 0.5331160859375 0.5180884 0.5589226125 0.638156615625 0.6513783640625 0.6434041515625 0.6517146406250001 0.6511714734375 0.6323145203125 0.6950436578125 0.576901896875 0.6946096734375 0.567584096875
0 0.557667784375 0.42762185312499995 0.5576797906250001 0.3792367953125 0.5478776390625 0.332905478125 0.52334968125 0.308041090625 0.5151906875 0.3056362875 0.4476967390625 0.3013110796875 0.43895280625 0.305962146875 0.42128856875 0.3046268359375 0.41932468749999996 0.3067524703125 0.42316831875 0.3892767546875 0.45952666718749996 0.44622385 0.47129482187500005 0.4793707625 0.489937740625 0.491532496875 0.5331182171875 0.4898505703125 0.5439148984375 0.48314003281250006 0.557667784375 0.42762185312499995
0 0.56752528125 0.30979255625 0.5853043812500001 0.262226084375 0.5591261640625 0.1892527375 0.551656071875 0.183346184375 0.5455211906249999 0.18295304375000002 0.5339591625 0.184865671875 0.4742491859375 0.2035276125 0.46171244843750003 0.21953959374999998 0.4553338671875 0.2436996921875 0.45549539843750003 0.24716784687499999 0.46572295625000004 0.2773225453125 0.484364584375 0.3014122546875 0.5201226218749999 0.304398703125 0.5470477296875 0.31407173125 0.554068209375 0.3145216234375 0.56752528125 0.30979255625
0 0.6558142953125 0.46664041875000006 0.6557405171874999 0.46505636250000004 0.6498593046875001 0.429797953125 0.6329131125 0.40381697812499995 0.637703828125 0.377088234375 0.6435738921875 0.3867603953125 0.6493381203124999 0.378785159375 0.64708955 0.3627843375 0.6279238546875 0.336228103125 0.6146489734375 0.3353774109375 0.5759558421875 0.3465317796875 0.5712486078125 0.39111960625000003 0.5718036328125 0.40303623125000004 0.6174166765625 0.476002796875 0.632370903125 0.4928772546875 0.64461646875 0.4964577265625 0.6459129859375 0.49654081093749997 0.6538512046875 0.48523518593750004 0.6558142953125 0.46664041875000006
0 0.3509096953125 0.719225065625 0.347890846875 0.6544091765625 0.3170312421875 0.6168584218750001 0.312314690625 0.6157567234375 0.30233774375 0.614468184375 0.2904895265625 0.613708915625 0.2578139234375 0.6190613046875 0.2477038078125 0.6266213781250001 0.24370568593750003 0.6501688265625 0.24401451875000002 0.6567995890625 0.2711673390625 0.6848167734375 0.27585402812500004 0.71497476875 0.283018096875 0.7247658328125001 0.307008028125 0.7329631328125 0.319862984375 0.733786915625 0.3509096953125 0.719225065625
0 0.36102856562499996 0.7226043015625 0.3417086296875 0.7213662234375 0.3220844234375 0.7330905453125001 0.29721897343750003 0.76889498125 0.295178684375 0.7853409625000001 0.2967281703125 0.8186090437500001 0.31697284375 0.8483749109375 0.3707420203125 0.8594535125 0.40683483593750003 0.8401567421875 0.41109298125000004 0.8222961015625 0.4047573265625 0.7910521859374999 0.36102856562499996 0.7226043015625
0 0.234673965625 0.7455055890625 0.251780940625 0.696779 0.25153898125 0.6755117078125 0.21041747656249998 0.5970278 0.189712590625 0.574536271875 0.14226825 0.5714959015625001 0.1346201078125 0.575395871875 0.12010919687499999 0.6053976609375 0.12178030468750001 0.6412770390625 0.1236333875 0.6446146765625 0.139961390625 0.6999050609374999 0.179626596875 0.736628025 0.1946742703125 0.765624584375 0.2114027546875 0.7698731765625 0.234673965625 0.7455055890625
0 0.3524941640625 0.5452134671875 0.360741228125 0.3938236984375 0.35591191875 0.38734158750000003 0.3421327328125 0.3864585765625 0.309221159375 0.3955625671875 0.28319923281250003 0.4277952265625 0.2850167421875 0.466817875 0.28586423125 0.476536515625 0.294914484375 0.51100385625 0.305741365625 0.5457205093749999 0.3181025546875 0.5594945640625 0.3422470203125 0.5610418109374999 0.3524941640625 0.5452134671875
1 0.8163224578125 0.732943259375 0.860699896875 0.711653040625 0.8649884562500001 0.6607146937499999 0.8562189328124999 0.60780843125 0.7606428796875 0.6022935328125001 0.7188509640625 0.5850774546874999 0.7061982 0.584266628125 0.667683803125 0.5856611968750001 0.6523131656250001 0.6264764265625 0.6542686625 0.66846175 0.656366703125 0.6788189578125 0.712710965625 0.731026121875 0.7248590859374999 0.7352057140625 0.7492457531250001 0.7367684828125001 0.7595555734375 0.7363372015625 0.8163224578125 0.732943259375
1 0.8334055234375001 0.5886708734375 0.8349329328125 0.558741553125 0.8202293453125 0.5357587359375 0.8103987375000001 0.49195399375 0.8077624 0.435350759375 0.778967290625 0.4234342046875 0.7394614578125001 0.3745324859375 0.650268678125 0.368816753125 0.6466791171875 0.371721671875 0.6487574765625 0.41634489375 0.6607986593749999 0.45796469375 0.662889546875 0.5028569140625 0.6785022171875 0.5453580890625 0.7058851171875 0.5687695703125 0.7879248796875 0.5739416421875 0.8334055234375001 0.5886708734375
1 1 0.4530220765625 0.9999877421875001 0.4529889265625 0.9738432609375 0.4123966125 0.9581208203125 0.39944966875 0.9343130546875 0.3979239984375 0.9085891046875 0.401019796875 0.8972402234375 0.410303815625 0.8949852484375 0.42497195000000004 0.8508394828125001 0.44056815625 0.8165362093749999 0.47320012343749995 0.8180960031250001 0.5066895078125 0.8374121796875 0.5522164484375 0.8875206906249999 0.5657245 0.912863340625 0.563394428125 0.9243433671875 0.56201284375 1 0.5151946890625 1 0.4530220765625
1 0.9319382624999999 0.4381737125 0.9588173140625 0.3480219953125 0.9553610890625001 0.32314523125 0.9225667515625 0.31289563125000003 0.8279047937499999 0.2633624625 0.826869671875 0.2632961296875 0.7514932671875 0.31425485000000003 0.755642984375 0.40335092812499995 0.7652356250000001 0.41683357499999996 0.8210789187499999 0.4360281453125 0.9074161828125 0.454422171875 0.91285834375 0.455649125 0.9186769890625 0.45602200000000004 0.9319382624999999 0.4381737125
1 0.9312211609375 0.19447750625 0.9285935296875 0.138061215625 0.92593901875 0.1362644140625 0.9024553484375 0.129492440625 0.8980616765624999 0.12921088125 0.8035110890625001 0.1387337125 0.7521236499999999 0.133695853125 0.7424980437500001 0.1354544765625 0.6950917296875 0.1605320390625 0.6849131109375 0.173335909375 0.6758110046875 0.194458034375 0.6760651796875 0.199915284375 0.6790714984374999 0.214111884375 0.7091348921875 0.2783526640625 0.7139529265625 0.2825433140625 0.728147875 0.2834529671875 0.772604146875 0.27372118125 0.79331899375 0.2778959578125 0.8648307781250001 0.27378494375 0.8895909234375001 0.2642865640625 0.929434421875 0.20427585625 0.9312211609375 0.19447750625
1 0.43601275156249997 1 0.5035864531249999 0.8825196640625 0.467541746875 0.8743087609375 0.464341503125 0.8741036796874999 0.4430452671875 0.8864627125 0.39349501875000004 0.8968504062499999 0.35768344375 0.9152939015625 0.3462643984375 0.9562399656249999 0.3454466015625 0.96153426875 0.3456185484375 0.9652260453125001 0.3600834515625 0.9838216921875 0.37552210625 0.9873385828125001 0.393714778125 1 0.43601275156249997 1
1 0.28322482656250003 0.61588224375 0.3042305375 0.5997554046875 0.31211409843750004 0.5715229625 0.3096773921875 0.54985580625 0.2968589921875 0.524842740625 0.2837675515625 0.51769273125 0.26668323437499997 0.4235304375 0.264854028125 0.3760483640625 0.24265732031249998 0.323833809375 0.2340483796875 0.315660925 0.1867209625 0.312628046875 0.17583156718749998 0.31493560781249996 0.1530016296875 0.341637596875 0.154342896875 0.370435134375 0.16265470312500002 0.4178456265625 0.1943525625 0.5170840546875 0.22138862656249997 0.5452139218750001 0.228575909375 0.590393015625 0.26325320625000004 0.6131090890625 0.28322482656250003 0.61588224375