0 0.6690217359374999 0.43737936718750003 0.677957871875 0.44506358593749995 0.6775229828125 0.45890192812499997 0.6895861921875001 0.4782665875 0.7309574203125 0.502965096875 0.7811697328125 0.5093068781250001 0.807606965625 0.5240516015625001 0.8428692609375 0.5232308625 0.8566196859374999 0.520662021875 0.8675889765625 0.5118324656250001 0.8794619296875 0.44082888750000004 0.8977939640624999 0.392202221875 0.894134478125 0.3771634875 0.8622418406250001 0.3664165921875 0.8284070265624999 0.3648763796875 0.7583727 0.34061943281249996 0.7329416125 0.3434051421875 0.6876786218750001 0.3636529296875 0.6831493578125001 0.3762908796875 0.667629278125 0.388034175 0.6666040796875 0.3912477390625 0.6690217359374999 0.43737936718750003
0 0.7836374671875 0.5049820890625 0.7949169046875 0.5426237109375001 0.8598854875 0.5813545437500001 0.8934740234375 0.61278856875 0.9606136484375 0.6112258765624999 0.9704066859375 0.6054726890625 0.9677926984375 0.5555948468749999 0.9512505750000001 0.5314368765624999 0.9377413203125 0.5259723968750001 0.9229941421875001 0.5067071328125 0.90030654375 0.48847467343749995 0.8545191171875001 0.4597664390625 0.8262632890624999 0.45357210937500003 0.813372996875 0.45500801874999997 0.791923934375 0.4691117578125 0.7828573999999999 0.49009750781249994 0.7836374671875 0.5049820890625
0 0.8940697 0.6878661890625 0.9017980390625 0.685960709375 0.9911938749999999 0.6633263031250001 0.992694621875 0.622470934375 0.9904585703125001 0.6079452875 0.982918609375 0.603081478125 0.8981538515624999 0.584434734375 0.8674002046875 0.56631229375 0.844014353125 0.5701009421875 0.8314990640625 0.582417740625 0.83709488125 0.68919229375 0.8940697 0.6878661890625
0 0.7744384625 0.6249455875 0.7595615015625 0.6313949109375 0.7264769281250001 0.6260619046875 0.71757785 0.6262690328125 0.6498581546875 0.64810658125 0.6265328718750001 0.6451396765624999 0.6222311578124999 0.6490357609374999 0.6227249296874999 0.6584574859375001 0.6509827796875001 0.6653862890625 0.7990911281249999 0.6978988703125 0.80916770625 0.6976643359375 0.8102073515624999 0.69531440625 0.805148478125 0.682207909375 0.803564459375 0.635762046875 0.7756827375 0.6249166265625 0.7744384625 0.6249455875
0 0.5614813671875 0.6241851578125 0.6123034140625 0.660264771875 0.6409838062500001 0.66561693125 0.6574649578125 0.6873229984375 0.6634175546875001 0.68960489375 0.6784783953125 0.6913774734375 0.69194955 0.6925705890625 0.7004397078125 0.692372978125 0.705195584375 0.6899756906250001 0.7163122343749999 0.66756446875 0.7079827187500001 0.6033318921874999 0.7000733578125 0.57670478125 0.6910087265625 0.56476644375 0.67198271875 0.560550553125 0.62973773125 0.5674383390625 0.598464028125 0.5934070796875 0.577224384375 0.5909072875 0.5602762578125 0.601190296875 0.5614813671875 0.6241851578125
0 0.5997647609375 0.5785590796875 0.60328784375 0.5827780859375 0.6246997515625 0.5940138640625 0.690683396875 0.592478078125 0.694433984375 0.58649989375 0.7081170171875 0.5833487093749999 0.70728641875 0.57854193125 0.71830643125 0.566840915625 0.7516263390625 0.5561130078125001 0.7627034234375001 0.5424551578125001 0.7711745671875 0.518290640625 0.7029561265625001 0.49401674531250006 0.6907314999999999 0.48044951718749995 0.6790205312500001 0.449270765625 0.66771515 0.47075595937500003 0.6462519312499999 0.5409514265625 0.639239196875 0.548397528125 0.598112725 0.5470363640625 0.5997647609375 0.5785590796875
0 0.4110817328125 0.44094710625 0.4276951109375 0.474489071875 0.443147075 0.48784068124999996 0.477407 0.5049791078125 0.5087195671875 0.5122354125 0.51606233125 0.5120645078125 0.54320179375 0.492472996875 0.6097094578125 0.458615525 0.6352135999999999 0.45979630781249997 0.6454928671875 0.45152406718749993 0.64954593125 0.43713146406250003 0.6704134875000001 0.45948195468749997 0.6810333859375 0.45705758281250003 0.6818801390625 0.45032701875000003 0.6809114171874999 0.431842684375 0.6751794234374999 0.423737990625 0.670492509375 0.3768641953125 0.6418910671875 0.356099675 0.6449064296875 0.3406870140625 0.6374154359374999 0.3296480140625 0.623909525 0.3329107859375 0.587143153125 0.32142688750000004 0.5684836718749999 0.3218611921875 0.5588276046875 0.32406553437499996 0.5264979296875001 0.3400650421875 0.5080147984375001 0.358649646875 0.45293764531249997 0.387204228125 0.41632781718749995 0.4136977578125 0.41079117343749993 0.43540290937500004 0.4110817328125 0.44094710625
0 0.41130927812499996 0.5646915124999999 0.420385409375 0.5749311578125 0.42639682187499994 0.5946541140625 0.45115823125 0.6074395234375001 0.5019758249999999 0.60625673125 0.5790078359375 0.5792796296875 0.5984155234374999 0.56160235 0.5959639765625 0.5513345515625 0.5629312375 0.5135045390624999 0.5116714375 0.47180275156249996 0.498702884375 0.46579897187499997 0.4865354421875 0.4678258796875 0.4125609703125 0.5203416046875 0.410733284375 0.553700878125 0.41130927812499996 0.5646915124999999
0 0.319366121875 0.5714995328125 0.322818334375 0.5917091078125 0.327834221875 0.5987357546875 0.353468265625 0.6095231640625001 0.3743582828125 0.6288906890625 0.3787274125 0.629462646875 0.38693984531250003 0.6292715 0.41518679687500004 0.613002065625 0.41103135625 0.5991871953125 0.41220853125 0.554397221875 0.40719264375 0.5473705718749999 0.3798037203125 0.5482087609375 0.36595633437499997 0.5398490515625001 0.3424509859375 0.538895346875 0.3317966421875 0.5452861890625 0.3190400890625 0.5652784734375 0.319366121875 0.5714995328125
0 0.2784331765625 0.536718503125 0.3201614953125 0.563556328125 0.3429824171875 0.5630251656249999 0.3556697140625 0.54601430625 0.3573023265625 0.52405039375 0.3182072421875 0.49077684687499995 0.3126064515625 0.4938918359375 0.300434596875 0.5190004609375001 0.27794946249999997 0.5274886859375 0.2784331765625 0.536718503125
0 0.26147044375 0.48170608125000003 0.2680766109375 0.4907536453125 0.2687175609375 0.5006918625 0.27707509531249996 0.5052442546875 0.28479168125 0.4998584265625 0.28226766875 0.49049267656250006 0.29085771562499996 0.48078808124999994 0.30449578437499997 0.48981498749999997 0.314824346875 0.51302100625 0.32079401406249997 0.5162727109375 0.3548239765625 0.5220749953125 0.386404496875 0.52133995 0.4139774140625 0.514290175 0.43179845468750006 0.5048192046875 0.4519194015625 0.47742282031250005 0.45114230937500005 0.4594195359375 0.44347390468750003 0.4536443375 0.365499571875 0.4175640578125 0.3545698421875 0.4148069421875 0.3187916125 0.42568381874999994 0.29160343593750004 0.4268560984375 0.27924726093749996 0.43770562812499997 0.26098936250000004 0.4725265125 0.26147044375 0.48170608125000003
1 0.3174841 0.68484164375 0.32159762812500003 0.6908008265625 0.3625927828125 0.693978828125 0.3966406921875 0.6931863546875 0.40223432031249995 0.688117540625 0.40615235156249996 0.6743555203125 0.4060251265625 0.671927928125 0.3848888359375 0.6429596656250001 0.33770638124999997 0.6438631 0.3205507046875 0.6594091734374999 0.317069703125 0.6769344828125 0.3174841 0.68484164375