1 0 0.4365234375 0.009765625 0.4482421875 0.01171875 0.4892578125 0.0244140625 0.529296875 0.0439453125 0.537109375 0.0654296875 0.5390625 0.203125 0.5380859375 0.2724609375 0.533203125 0.3095703125 0.521484375 0.3203125 0.5126953125 0.337890625 0.4599609375 0.349609375 0.3857421875 0.373046875 0.3505859375 0.380859375 0.3310546875 0.3779296875 0.32421875 0.3271484375 0.31640625 0.1806640625 0.326171875 0.1142578125 0.32421875 0.0439453125 0.333984375 0.0126953125 0.345703125 0 0.3583984375 0 0.4365234375
1 0 0.6201171875 0.013671875 0.6611328125 0.01171875 0.6865234375 0.015625 0.7080078125 0.0478515625 0.73828125 0.0888671875 0.765625 0.15625 0.7666015625 0.17578125 0.7509765625 0.1796875 0.7333984375 0.16796875 0.7041015625 0.146484375 0.6064453125 0.119140625 0.5673828125 0.0908203125 0.54296875 0.0537109375 0.5390625 0.0205078125 0.5390625 0.0107421875 0.54296875 0.00390625 0.5537109375 0 0.5751953125 0 0.6201171875
1 0.767578125 0.5283203125 0.7548828125 0.515625 0.7236328125 0.501953125 0.6748046875 0.501953125 0.6513671875 0.509765625 0.5927734375 0.541015625 0.58203125 0.5517578125 0.5859375 0.5791015625 0.6298828125 0.6328125 0.6416015625 0.6328125 0.6494140625 0.623046875 0.6728515625 0.625 0.681640625 0.6552734375 0.689453125 0.6552734375 0.7177734375 0.638671875 0.728515625 0.6240234375 0.734375 0.5966796875 0.767578125 0.5283203125
0 0.9375 0.6494140625 0.9609375 0.6064453125 0.966796875 0.5673828125 0.94921875 0.5322265625 0.9404296875 0.525390625 0.9287109375 0.525390625 0.8955078125 0.51171875 0.8466796875 0.515625 0.8134765625 0.513671875 0.7744140625 0.51953125 0.7578125 0.5537109375 0.755859375 0.5673828125 0.7421875 0.5908203125 0.75 0.6259765625 0.7548828125 0.630859375 0.8193359375 0.6328125 0.8623046875 0.6484375 0.8916015625 0.666015625 0.890625 0.6728515625 0.89453125 0.6728515625 0.9013671875 0.66796875 0.9267578125 0.66796875 0.9345703125 0.6640625 0.9375 0.6494140625
0 0.9228515625 0.43359375 0.9501953125 0.41796875 0.9541015625 0.41796875 0.958984375 0.4267578125 0.9638671875 0.44921875 0.9716796875 0.447265625 0.978515625 0.4384765625 0.955078125 0.3896484375 0.91796875 0.3583984375 0.916015625 0.3525390625 0.919921875 0.3447265625 0.9140625 0.3330078125 0.9091796875 0.328125 0.8935546875 0.33203125 0.875 0.3193359375 0.88671875 0.2822265625 0.8564453125 0.255859375 0.845703125 0.2568359375 0.82421875 0.3173828125 0.7744140625 0.359375 0.73828125 0.3994140625 0.7421875 0.4189453125 0.740234375 0.4443359375 0.732421875 0.4755859375 0.724609375 0.4873046875 0.724609375 0.4970703125 0.7607421875 0.515625 0.787109375 0.5146484375 0.8193359375 0.51171875 0.8369140625 0.505859375 0.8818359375 0.47265625 0.9228515625 0.43359375
0 0.708984375 0.4248046875 0.70703125 0.3916015625 0.69140625 0.3505859375 0.69140625 0.3349609375 0.697265625 0.3271484375 0.6943359375 0.318359375 0.6240234375 0.314453125 0.5771484375 0.322265625 0.5439453125 0.341796875 0.4833984375 0.361328125 0.4716796875 0.369140625 0.458984375 0.3857421875 0.4580078125 0.400390625 0.4794921875 0.40234375 0.5107421875 0.416015625 0.525390625 0.4287109375 0.5546875 0.4853515625 0.552734375 0.4951171875 0.55859375 0.5205078125 0.56640625 0.5224609375 0.6240234375 0.49609375 0.6748046875 0.484375 0.69140625 0.4716796875 0.708984375 0.4248046875
0 0.51171875 0.5302734375 0.5185546875 0.5234375 0.5400390625 0.517578125 0.546875 0.5107421875 0.548828125 0.4873046875 0.5390625 0.4580078125 0.5087890625 0.41796875 0.4755859375 0.404296875 0.4423828125 0.400390625 0.4052734375 0.404296875 0.388671875 0.4150390625 0.37890625 0.4423828125 0.369140625 0.5322265625 0.373046875 0.5947265625 0.3857421875 0.61328125 0.4111328125 0.626953125 0.4560546875 0.634765625 0.478515625 0.6337890625 0.4931640625 0.630859375 0.501953125 0.6240234375 0.501953125 0.5712890625 0.51171875 0.5302734375
0 0.4296875 0.6767578125 0.439453125 0.6630859375 0.443359375 0.6435546875 0.4287109375 0.6328125 0.4052734375 0.626953125 0.4013671875 0.630859375 0.375 0.6044921875 0.365234375 0.5712890625 0.365234375 0.5263671875 0.3564453125 0.51953125 0.3310546875 0.517578125 0.2919921875 0.52734375 0.2724609375 0.537109375 0.2236328125 0.5390625 0.1982421875 0.544921875 0.17578125 0.5615234375 0.1640625 0.5849609375 0.16015625 0.6435546875 0.16796875 0.6689453125 0.171875 0.7060546875 0.19140625 0.7431640625 0.2099609375 0.759765625 0.244140625 0.7626953125 0.3623046875 0.74609375 0.4091796875 0.71875 0.421875 0.7041015625 0.4296875 0.6767578125
0 0.8828125 0.6708984375 0.884765625 0.6669921875 0.8525390625 0.646484375 0.8427734375 0.646484375 0.8173828125 0.634765625 0.7587890625 0.6328125 0.7138671875 0.64453125 0.6923828125 0.662109375 0.6806640625 0.666015625 0.671875 0.6767578125 0.669921875 0.6865234375 0.6982421875 0.7109375 0.7294921875 0.74609375 0.740234375 0.7451171875 0.8427734375 0.708984375 0.8857421875 0.6875 0.888671875 0.6787109375 0.8828125 0.6708984375
0 0.7265625 0.7451171875 0.720703125 0.7353515625 0.6767578125 0.697265625 0.6337890625 0.65234375 0.5751953125 0.669921875 0.560546875 0.6904296875 0.552734375 0.7119140625 0.552734375 0.7392578125 0.556640625 0.7470703125 0.5712890625 0.755859375 0.5810546875 0.76953125 0.658203125 0.7685546875 0.6708984375 0.7578125 0.7060546875 0.7578125 0.7197265625 0.75390625 0.7265625 0.7451171875
0 0.6171875 0.6259765625 0.580078125 0.5771484375 0.57421875 0.5595703125 0.5322265625 0.5234375 0.5224609375 0.5234375 0.509765625 0.5361328125 0.501953125 0.5732421875 0.50390625 0.6220703125 0.5166015625 0.638671875 0.5439453125 0.650390625 0.560546875 0.6513671875 0.5849609375 0.650390625 0.6064453125 0.64453125 0.615234375 0.6376953125 0.6171875 0.6259765625
1 0.541015625 0.6552734375 0.5341796875 0.6484375 0.5126953125 0.640625 0.4521484375 0.64453125 0.43359375 0.6748046875 0.421875 0.7177734375 0.4716796875 0.76953125 0.544921875 0.7685546875 0.55078125 0.7666015625 0.552734375 0.7529296875 0.541015625 0.6865234375 0.541015625 0.6552734375