0 0.7529296875 0.371875 0.7080078125 0.3640625 0.689453125 0.3787109375 0.685546875 0.4080078125 0.701171875 0.4568359375 0.7197265625 0.479296875 0.73046875 0.4783203125 0.76953125 0.4314453125 0.775390625 0.3982421875 0.771484375 0.3884765625 0.7529296875 0.371875
0 0.7607421875 0.46953125 0.7373046875 0.47734375 0.73046875 0.4841796875 0.73046875 0.5056640625 0.7578125 0.5271484375 0.763671875 0.5486328125 0.7724609375 0.559375 0.798828125 0.5623046875 0.822265625 0.5466796875 0.810546875 0.4939453125 0.7822265625 0.46953125 0.7607421875 0.46953125
0 0.89453125 0.4626953125 0.8779296875 0.444140625 0.8271484375 0.4421875 0.806640625 0.4802734375 0.8203125 0.5251953125 0.82421875 0.5349609375 0.8466796875 0.5515625 0.8740234375 0.584765625 0.8828125 0.5837890625 0.90234375 0.5603515625 0.912109375 0.5232421875 0.912109375 0.5017578125 0.89453125 0.4626953125
0 0.35546875 0.6228515625 0.3134765625 0.580859375 0.2685546875 0.580859375 0.2548828125 0.58671875 0.236328125 0.6052734375 0.20703125 0.6462890625 0.205078125 0.6619140625 0.2431640625 0.670703125 0.2626953125 0.682421875 0.28125 0.6990234375 0.291015625 0.7224609375 0.30078125 0.7283203125 0.3134765625 0.721484375 0.33984375 0.6892578125 0.353515625 0.6560546875 0.35546875 0.6228515625
0 0.3564453125 0.746875 0.3388671875 0.7390625 0.2998046875 0.741015625 0.28125 0.7009765625 0.2607421875 0.682421875 0.2373046875 0.670703125 0.1396484375 0.666796875 0.126953125 0.6775390625 0.109375 0.7185546875 0.10546875 0.7576171875 0.099609375 0.7654296875 0.1015625 0.7791015625 0.1162109375 0.799609375 0.1259765625 0.80546875 0.30078125 0.8044921875 0.3486328125 0.803515625 0.357421875 0.7986328125 0.361328125 0.7869140625 0.3564453125 0.746875
1 0.2509765625 0.5828125 0.2666015625 0.57890625 0.3037109375 0.576953125 0.3193359375 0.580859375 0.357421875 0.6169921875 0.3681640625 0.635546875 0.4208984375 0.63359375 0.4541015625 0.623828125 0.474609375 0.6013671875 0.482421875 0.5798828125 0.48046875 0.5369140625 0.47265625 0.5251953125 0.474609375 0.5154296875 0.4609375 0.4978515625 0.45703125 0.4841796875 0.45703125 0.4490234375 0.4384765625 0.444140625 0.3505859375 0.45 0.3095703125 0.448046875 0.2783203125 0.455859375 0.2685546875 0.448046875 0.2392578125 0.4421875 0.1591796875 0.444140625 0.15625 0.4900390625 0.166015625 0.5623046875 0.16796875 0.6404296875 0.1748046875 0.6609375 0.1953125 0.6638671875 0.201171875 0.6619140625 0.2109375 0.6326171875 0.2421875 0.5916015625 0.2509765625 0.5828125
1 0.1083984375 0.514453125 0.1259765625 0.51640625 0.1337890625 0.5125 0.146484375 0.4958984375 0.150390625 0.4509765625 0.1396484375 0.434375 0.12109375 0.4255859375 0.111328125 0.3962890625 0.109375 0.3728515625 0.1005859375 0.35625 0.0263671875 0.34453125 0.0185546875 0.34453125 0.013671875 0.3513671875 0.009765625 0.3884765625 0.013671875 0.4822265625 0.001953125 0.5095703125 0.001953125 0.5251953125 0.0146484375 0.545703125 0.02734375 0.5486328125 0.0517578125 0.53984375 0.0810546875 0.53984375 0.0966796875 0.530078125 0.1083984375 0.514453125
1 0.45703125 0.3943359375 0.451171875 0.3708984375 0.4384765625 0.3640625 0.4169921875 0.37578125 0.3916015625 0.377734375 0.3828125 0.3962890625 0.3759765625 0.39921875 0.3271484375 0.393359375 0.3193359375 0.397265625 0.2822265625 0.397265625 0.265625 0.4080078125 0.267578125 0.4314453125 0.2841796875 0.44609375 0.357421875 0.4470703125 0.4287109375 0.4421875 0.44140625 0.4294921875 0.44140625 0.4197265625 0.45703125 0.3943359375
1 0.7138671875 0.2859375 0.6787109375 0.2703125 0.6572265625 0.246875 0.6357421875 0.244921875 0.62890625 0.2556640625 0.646484375 0.2908203125 0.66796875 0.3552734375 0.6806640625 0.36796875 0.693359375 0.3669921875 0.7294921875 0.358203125 0.7421875 0.3474609375 0.7421875 0.3083984375 0.7138671875 0.2859375
1 0.880859375 0.4099609375 0.880859375 0.3923828125 0.8671875 0.3826171875 0.85546875 0.3572265625 0.8486328125 0.35234375 0.8271484375 0.350390625 0.8115234375 0.35625 0.78125 0.3943359375 0.765625 0.4626953125 0.802734375 0.4744140625 0.818359375 0.4548828125 0.8251953125 0.424609375 0.8564453125 0.420703125 0.880859375 0.4099609375
1 0.8515625 0.7029296875 0.849609375 0.6326171875 0.8349609375 0.619921875 0.8017578125 0.61015625 0.78125 0.6326171875 0.78125 0.6599609375 0.76953125 0.7244140625 0.771484375 0.7537109375 0.7998046875 0.791796875 0.833984375 0.7908203125 0.84765625 0.7791015625 0.84765625 0.7654296875 0.857421875 0.7380859375 0.8515625 0.7029296875
1 0.56640625 0.6658203125 0.5322265625 0.623828125 0.4931640625 0.604296875 0.4833984375 0.604296875 0.47265625 0.6150390625 0.470703125 0.6365234375 0.478515625 0.6814453125 0.490234375 0.7126953125 0.5283203125 0.748828125 0.5546875 0.7517578125 0.60546875 0.7224609375 0.603515625 0.7009765625 0.5908203125 0.684375 0.56640625 0.6658203125
1 0.4853515625 0.3640625 0.509765625 0.3474609375 0.515625 0.2986328125 0.5234375 0.2830078125 0.537109375 0.2751953125 0.533203125 0.2732421875 0.53125 0.2537109375 0.5107421875 0.23515625 0.4931640625 0.233203125 0.4853515625 0.246875 0.4580078125 0.25078125 0.427734375 0.3181640625 0.3994140625 0.3171875 0.392578125 0.3220703125 0.39453125 0.3435546875 0.388671875 0.3552734375 0.3974609375 0.373828125 0.408203125 0.3728515625 0.4189453125 0.36796875 0.4208984375 0.362109375 0.4384765625 0.369921875 0.4853515625 0.3640625