0 0.2841796875 0.43046875 0.2236328125 0.424609375 0.2060546875 0.432421875 0.1796875 0.4587890625 0.158203125 0.4841796875 0.154296875 0.5056640625 0.1904296875 0.51640625 0.2138671875 0.53203125 0.232421875 0.5505859375 0.244140625 0.5798828125 0.25390625 0.5818359375 0.2724609375 0.57109375 0.302734375 0.5408203125 0.3203125 0.4783203125 0.2841796875 0.43046875
0 0.25 0.5994140625 0.228515625 0.5486328125 0.2060546875 0.528125 0.1787109375 0.51640625 0.0751953125 0.5125 0.056640625 0.5369140625 0.041015625 0.5818359375 0.03515625 0.6248046875 0.044921875 0.6443359375 0.0654296875 0.66484375 0.0927734375 0.6765625 0.1220703125 0.682421875 0.19921875 0.6833984375 0.23046875 0.6755859375 0.23046875 0.6580078125 0.248046875 0.6208984375 0.25 0.5994140625
0 0.37890625 0.6853515625 0.365234375 0.6560546875 0.33203125 0.6326171875 0.328125 0.6150390625 0.3154296875 0.5984375 0.2900390625 0.58671875 0.2568359375 0.58671875 0.25 0.5916015625 0.248046875 0.6345703125 0.2421875 0.6404296875 0.248046875 0.6521484375 0.2421875 0.6541015625 0.2421875 0.6736328125 0.2041015625 0.684375 0.1435546875 0.686328125 0.140625 0.6931640625 0.1484375 0.7419921875 0.1552734375 0.752734375 0.1767578125 0.75859375 0.2158203125 0.75859375 0.2275390625 0.768359375 0.2841796875 0.778125 0.30859375 0.7771484375 0.3447265625 0.7703125 0.373046875 0.7517578125 0.380859375 0.7029296875 0.37890625 0.6853515625
0 0.5126953125 0.78203125 0.5595703125 0.752734375 0.5830078125 0.752734375 0.6005859375 0.744921875 0.609375 0.7244140625 0.60546875 0.7048828125 0.5966796875 0.694140625 0.5517578125 0.670703125 0.5263671875 0.684375 0.5185546875 0.69609375 0.4990234375 0.686328125 0.4619140625 0.694140625 0.412109375 0.7322265625 0.3984375 0.7595703125 0.3984375 0.7751953125 0.4052734375 0.780078125 0.4228515625 0.7859375 0.458984375 0.7849609375 0.4658203125 0.776171875 0.4833984375 0.78203125 0.4912109375 0.778125 0.5126953125 0.78203125
0 0.732421875 0.4568359375 0.734375 0.4412109375 0.71484375 0.4041015625 0.7001953125 0.3953125 0.6845703125 0.37578125 0.6572265625 0.369921875 0.6220703125 0.371875 0.5888671875 0.362109375 0.572265625 0.3708984375 0.572265625 0.3943359375 0.6015625 0.4744140625 0.60546875 0.5095703125 0.6103515625 0.51640625 0.62109375 0.5154296875 0.7177734375 0.502734375 0.72265625 0.4919921875 0.720703125 0.4744140625 0.732421875 0.4568359375
0 0.765625 0.2166015625 0.7412109375 0.1921875 0.6923828125 0.184375 0.673828125 0.2048828125 0.66796875 0.2302734375 0.685546875 0.2830078125 0.7041015625 0.30546875 0.712890625 0.3064453125 0.728515625 0.2986328125 0.736328125 0.2810546875 0.76171875 0.2537109375 0.765625 0.2166015625
0 0.7744140625 0.29765625 0.7373046875 0.299609375 0.7177734375 0.309375 0.712890625 0.3181640625 0.716796875 0.3357421875 0.744140625 0.3572265625 0.7568359375 0.3875 0.779296875 0.3904296875 0.81640625 0.3767578125 0.81640625 0.3533203125 0.80859375 0.3279296875 0.7744140625 0.29765625
1 0.5146484375 0.272265625 0.4287109375 0.272265625 0.4169921875 0.278125 0.40234375 0.2947265625 0.40234375 0.3044921875 0.41796875 0.3474609375 0.4462890625 0.3796875 0.48046875 0.3806640625 0.5107421875 0.377734375 0.537109375 0.3669921875 0.5390625 0.2986328125 0.5146484375 0.272265625
1 0.2314453125 0.420703125 0.2880859375 0.4265625 0.3291015625 0.483203125 0.3720703125 0.483203125 0.4208984375 0.4734375 0.4326171875 0.4890625 0.4462890625 0.494921875 0.474609375 0.4568359375 0.48828125 0.4177734375 0.486328125 0.3962890625 0.498046875 0.3904296875 0.4814453125 0.381640625 0.4404296875 0.3796875 0.4140625 0.3455078125 0.3984375 0.3025390625 0.3642578125 0.280078125 0.3447265625 0.276171875 0.2509765625 0.280078125 0.1884765625 0.299609375 0.1611328125 0.315234375 0.15234375 0.3142578125 0.154296875 0.3044921875 0.1494140625 0.3015625 0.1494140625 0.319140625 0.14453125 0.3162109375 0.142578125 0.2966796875 0.1328125 0.2927734375 0.126953125 0.2615234375 0.1064453125 0.25859375 0.1015625 0.2634765625 0.095703125 0.3162109375 0.10546875 0.4802734375 0.1240234375 0.506640625 0.146484375 0.5076171875 0.154296875 0.4841796875 0.1875 0.4431640625 0.2080078125 0.428515625 0.2314453125 0.420703125
1 0.6484375 0.5466796875 0.6298828125 0.537890625 0.6142578125 0.5203125 0.603515625 0.5251953125 0.6015625 0.5447265625 0.556640625 0.6541015625 0.55859375 0.6638671875 0.5771484375 0.684375 0.5927734375 0.6921875 0.603515625 0.6912109375 0.630859375 0.6521484375 0.640625 0.6130859375 0.66015625 0.5720703125 0.6484375 0.5466796875
1 0.705078125 0.6794921875 0.7265625 0.6384765625 0.7265625 0.6091796875 0.7060546875 0.584765625 0.6748046875 0.5671875 0.66015625 0.5681640625 0.630859375 0.6541015625 0.607421875 0.6931640625 0.61328125 0.7185546875 0.630859375 0.7185546875 0.6533203125 0.71171875 0.6708984375 0.698046875 0.6904296875 0.69609375 0.705078125 0.6794921875
1 0.84765625 0.4666015625 0.861328125 0.4568359375 0.865234375 0.4236328125 0.853515625 0.4021484375 0.8369140625 0.3875 0.8056640625 0.39140625 0.7890625 0.4080078125 0.7890625 0.4490234375 0.771484375 0.4724609375 0.76953125 0.5193359375 0.7578125 0.5740234375 0.767578125 0.6169921875 0.7958984375 0.643359375 0.8125 0.6462890625 0.8310546875 0.6453125 0.84375 0.6365234375 0.85546875 0.5896484375 0.84765625 0.4666015625
1 0.5546875 0.6521484375 0.564453125 0.6326171875 0.564453125 0.6111328125 0.583984375 0.5896484375 0.6015625 0.5408203125 0.59765625 0.4744140625 0.5791015625 0.451953125 0.5595703125 0.444140625 0.5087890625 0.45 0.4921875 0.4646484375 0.482421875 0.4939453125 0.439453125 0.5310546875 0.439453125 0.5544921875 0.447265625 0.5720703125 0.443359375 0.5857421875 0.4248046875 0.608203125 0.4013671875 0.6140625 0.376953125 0.6404296875 0.37109375 0.6541015625 0.3828125 0.6853515625 0.380859375 0.7322265625 0.3857421875 0.7390625 0.3984375 0.7380859375 0.4404296875 0.698046875 0.4833984375 0.684375 0.5205078125 0.686328125 0.5546875 0.6521484375