0 0.30859375 0.2908203125 0.30859375 0.2810546875 0.296875 0.2712890625 0.2919921875 0.2625 0.2783203125 0.260546875 0.2529296875 0.244921875 0.234375 0.2146484375 0.2099609375 0.19609375 0.1982421875 0.19609375 0.1650390625 0.21171875 0.150390625 0.2244140625 0.140625 0.2478515625 0.109375 0.2947265625 0.099609375 0.3220703125 0.1015625 0.3611328125 0.119140625 0.3943359375 0.13671875 0.4138671875 0.140625 0.4294921875 0.1630859375 0.451953125 0.1728515625 0.4578125 0.18359375 0.4568359375 0.203125 0.4451171875 0.25390625 0.3708984375 0.2734375 0.3357421875 0.30859375 0.2908203125
0 0 0.4744140625 0.0263671875 0.494921875 0.0341796875 0.498828125 0.041015625 0.4978515625 0.06640625 0.4724609375 0.080078125 0.4529296875 0.083984375 0.4392578125 0.11328125 0.3982421875 0.11328125 0.3884765625 0.1015625 0.3689453125 0.095703125 0.3416015625 0.1044921875 0.291796875 0.0927734375 0.291796875 0.0576171875 0.307421875 0.0400390625 0.309375 0.0283203125 0.315234375 0.0146484375 0.307421875 0.0048828125 0.307421875 0.001953125 0.3103515625 0.00390625 0.3376953125 0 0.3435546875 0 0.4744140625
0 0.13671875 0.2361328125 0.142578125 0.2185546875 0.150390625 0.2126953125 0.1640625 0.1619140625 0.1611328125 0.15703125 0.0146484375 0.155078125 0.001953125 0.1599609375 0 0.3025390625 0.0048828125 0.307421875 0.0146484375 0.307421875 0.02734375 0.3162109375 0.0810546875 0.29765625 0.095703125 0.2869140625 0.109375 0.2654296875 0.13671875 0.2361328125
0 0.3828125 0.1599609375 0.3623046875 0.155078125 0.2060546875 0.15703125 0.19921875 0.1658203125 0.1953125 0.1814453125 0.197265625 0.1912109375 0.2255859375 0.20390625 0.2666015625 0.252734375 0.2841796875 0.260546875 0.294921875 0.2595703125 0.357421875 0.2029296875 0.365234375 0.1873046875 0.37890625 0.1716796875 0.3828125 0.1599609375
0 0.4609375 0.5017578125 0.4765625 0.4646484375 0.478515625 0.4373046875 0.484375 0.4138671875 0.5078125 0.3669921875 0.509765625 0.3513671875 0.5048828125 0.34453125 0.4833984375 0.334765625 0.4345703125 0.3328125 0.4228515625 0.32890625 0.41015625 0.3455078125 0.37890625 0.4119140625 0.37109375 0.4470703125 0.349609375 0.5056640625 0.353515625 0.5193359375 0.3681640625 0.5359375 0.3857421875 0.53984375 0.3984375 0.5388671875 0.4111328125 0.53203125 0.4287109375 0.514453125 0.4541015625 0.50859375 0.4609375 0.5017578125
0 0.5869140625 0.252734375 0.5791015625 0.248828125 0.5439453125 0.2390625 0.4990234375 0.2390625 0.4677734375 0.252734375 0.43359375 0.2927734375 0.423828125 0.3220703125 0.4287109375 0.32890625 0.4384765625 0.3328125 0.4677734375 0.330859375 0.4853515625 0.3328125 0.4970703125 0.338671875 0.5009765625 0.334765625 0.5087890625 0.334765625 0.5185546875 0.340625 0.58203125 0.3416015625 0.5888671875 0.340625 0.599609375 0.3259765625 0.59765625 0.2654296875 0.5869140625 0.252734375
0 0.6064453125 0.549609375 0.6015625 0.5623046875 0.5888671875 0.57109375 0.5791015625 0.57109375 0.5771484375 0.5671875 0.5712890625 0.573046875 0.5625 0.5603515625 0.5927734375 0.559375 0.5947265625 0.54375 0.6123046875 0.54375 0.61328125 0.5291015625 0.6220703125 0.5203125 0.6259765625 0.522265625 0.62890625 0.5193359375 0.62890625 0.5154296875 0.640625 0.5037109375 0.6484375 0.4822265625 0.66015625 0.4099609375 0.662109375 0.3572265625 0.66015625 0.3435546875 0.6513671875 0.334765625 0.6357421875 0.3328125 0.6298828125 0.338671875 0.6181640625 0.342578125 0.5322265625 0.342578125 0.5078125 0.3630859375 0.505859375 0.3767578125 0.484375 0.4177734375 0.48046875 0.4548828125 0.47265625 0.4822265625 0.47265625 0.5095703125 0.4765625 0.5173828125 0.5029296875 0.54375 0.5244140625 0.5515625 0.5693359375 0.57890625 0.5859375 0.5779296875 0.5986328125 0.573046875 0.61328125 0.5603515625 0.6123046875 0.549609375 0.6064453125 0.549609375
0 0.681640625 0.6443359375 0.685546875 0.6150390625 0.697265625 0.5916015625 0.697265625 0.5623046875 0.69140625 0.5486328125 0.6689453125 0.518359375 0.6396484375 0.510546875 0.626953125 0.5310546875 0.615234375 0.5701171875 0.595703125 0.5857421875 0.599609375 0.6072265625 0.599609375 0.6228515625 0.595703125 0.6326171875 0.580078125 0.6541015625 0.56640625 0.6619140625 0.56640625 0.6658203125 0.5927734375 0.68828125 0.642578125 0.6990234375 0.6552734375 0.69609375 0.673828125 0.6716796875 0.673828125 0.6599609375 0.681640625 0.6443359375
0 0.798828125 0.5095703125 0.787109375 0.4861328125 0.787109375 0.4783203125 0.7744140625 0.46953125 0.7587890625 0.465625 0.7138671875 0.475390625 0.6982421875 0.483203125 0.671875 0.5095703125 0.669921875 0.5154296875 0.697265625 0.5564453125 0.7021484375 0.5828125 0.7451171875 0.5984375 0.763671875 0.5974609375 0.7763671875 0.592578125 0.78515625 0.5798828125 0.796875 0.5427734375 0.798828125 0.5095703125
0 0.806640625 0.4548828125 0.8046875 0.3943359375 0.791015625 0.3572265625 0.7744140625 0.338671875 0.7470703125 0.32890625 0.7294921875 0.32890625 0.693359375 0.3474609375 0.7041015625 0.354296875 0.7294921875 0.362109375 0.732421875 0.3650390625 0.732421875 0.3826171875 0.73046875 0.3962890625 0.7109375 0.4333984375 0.677734375 0.4626953125 0.6796875 0.4724609375 0.6923828125 0.479296875 0.6953125 0.4861328125 0.671875 0.5095703125 0.671875 0.5173828125 0.693359375 0.5486328125 0.69921875 0.5623046875 0.701171875 0.5798828125 0.7060546875 0.584765625 0.7373046875 0.596484375 0.765625 0.5974609375 0.78125 0.5876953125 0.798828125 0.5330078125 0.796875 0.5017578125 0.806640625 0.4548828125
0 0.677734375 0.7830078125 0.677734375 0.7732421875 0.666015625 0.7439453125 0.654296875 0.7341796875 0.640625 0.7068359375 0.6337890625 0.7 0.5966796875 0.690234375 0.5791015625 0.690234375 0.5693359375 0.698046875 0.5576171875 0.694140625 0.548828125 0.6970703125 0.541015625 0.7283203125 0.556640625 0.7556640625 0.5673828125 0.76640625 0.5947265625 0.780078125 0.6435546875 0.787890625 0.658203125 0.7869140625 0.6650390625 0.783984375 0.6708984375 0.77421875 0.6748046875 0.7859375 0.677734375 0.7830078125
0 0.953125 0.2634765625 0.95703125 0.2439453125 0.978515625 0.2029296875 0.9580078125 0.18828125 0.9482421875 0.18828125 0.9072265625 0.1765625 0.8857421875 0.18046875 0.8779296875 0.186328125 0.8779296875 0.190234375 0.8876953125 0.190234375 0.888671875 0.1951171875 0.873046875 0.2302734375 0.8564453125 0.24296875 0.8388671875 0.244921875 0.833984375 0.2498046875 0.83203125 0.2595703125 0.80859375 0.3044921875 0.8154296875 0.311328125 0.833984375 0.3123046875 0.8662109375 0.303515625 0.9072265625 0.29765625 0.9384765625 0.2859375 0.953125 0.2634765625
0 0.8173828125 0.215625 0.7841796875 0.2 0.7587890625 0.198046875 0.75390625 0.2029296875 0.73828125 0.2458984375 0.7138671875 0.268359375 0.701171875 0.2751953125 0.7109375 0.2927734375 0.7294921875 0.309375 0.7509765625 0.31328125 0.77734375 0.3123046875 0.80859375 0.3005859375 0.830078125 0.2595703125 0.83203125 0.2478515625 0.8173828125 0.215625
0 0.6328125 0.1775390625 0.630859375 0.1580078125 0.6279296875 0.155078125 0.5673828125 0.155078125 0.5625 0.1580078125 0.548828125 0.1873046875 0.5390625 0.1970703125 0.5390625 0.2263671875 0.5478515625 0.2390625 0.5693359375 0.24296875 0.5810546875 0.248828125 0.59765625 0.2478515625 0.6181640625 0.2390625 0.626953125 0.2302734375 0.6328125 0.2166015625 0.6328125 0.1775390625
1 0.7529296875 0.190234375 0.7177734375 0.16875 0.7041015625 0.16875 0.6904296875 0.1765625 0.6396484375 0.190234375 0.62890625 0.2302734375 0.6162109375 0.24296875 0.60546875 0.2478515625 0.607421875 0.2576171875 0.6162109375 0.26640625 0.6494140625 0.26640625 0.6748046875 0.276171875 0.693359375 0.2751953125 0.7138671875 0.26640625 0.73828125 0.2439453125 0.755859375 0.1990234375 0.7529296875 0.190234375
1 0.8857421875 0.155078125 0.7763671875 0.155078125 0.767578125 0.1638671875 0.76171875 0.1736328125 0.7666015625 0.194140625 0.7900390625 0.2 0.8076171875 0.209765625 0.822265625 0.2087890625 0.8681640625 0.190234375 0.884765625 0.1736328125 0.892578125 0.1580078125 0.8857421875 0.155078125
1 0.732421875 0.3650390625 0.7236328125 0.358203125 0.6875 0.3474609375 0.7197265625 0.3328125 0.73046875 0.3220703125 0.7265625 0.3123046875 0.6962890625 0.280078125 0.6748046875 0.278125 0.6572265625 0.2703125 0.6279296875 0.26640625 0.6015625 0.2791015625 0.6015625 0.3181640625 0.603515625 0.3240234375 0.6103515625 0.326953125 0.6259765625 0.32109375 0.6337890625 0.326953125 0.6435546875 0.323046875 0.6533203125 0.325 0.662109375 0.3416015625 0.666015625 0.3533203125 0.662109375 0.3728515625 0.66015625 0.4255859375 0.65625 0.4392578125 0.65625 0.4666015625 0.6640625 0.4685546875 0.6748046875 0.465625 0.7109375 0.4314453125 0.728515625 0.4001953125 0.732421875 0.3650390625
1 0.59765625 0.6033203125 0.5830078125 0.590625 0.5595703125 0.584765625 0.5458984375 0.576953125 0.533203125 0.5994140625 0.529296875 0.6521484375 0.5458984375 0.6609375 0.56640625 0.6599609375 0.5771484375 0.655078125 0.58984375 0.6404296875 0.59765625 0.6248046875 0.59765625 0.6033203125
1 0.427734375 0.6521484375 0.4189453125 0.6453125 0.3798828125 0.6453125 0.3271484375 0.651171875 0.32421875 0.6619140625 0.328125 0.6736328125 0.3515625 0.6990234375 0.361328125 0.7205078125 0.390625 0.7439453125 0.40234375 0.7595703125 0.404296875 0.7693359375 0.41015625 0.7712890625 0.416015625 0.7615234375 0.423828125 0.6853515625 0.4296875 0.6580078125 0.427734375 0.6521484375
1 0.544921875 0.6990234375 0.556640625 0.6794921875 0.556640625 0.6677734375 0.5517578125 0.662890625 0.5322265625 0.65703125 0.51171875 0.6326171875 0.505859375 0.5857421875 0.501953125 0.5759765625 0.505859375 0.5603515625 0.498046875 0.5447265625 0.4677734375 0.5203125 0.4462890625 0.514453125 0.4248046875 0.522265625 0.4013671875 0.541796875 0.3681640625 0.53984375 0.353515625 0.5603515625 0.353515625 0.5720703125 0.345703125 0.5837890625 0.345703125 0.5896484375 0.3544921875 0.59453125 0.4287109375 0.600390625 0.4521484375 0.60625 0.45703125 0.6111328125 0.4609375 0.6228515625 0.462890625 0.6638671875 0.458984375 0.7302734375 0.451171875 0.7791015625 0.44140625 0.8044921875 0.4462890625 0.809375 0.4580078125 0.811328125 0.486328125 0.8103515625 0.4931640625 0.809375 0.50390625 0.7986328125 0.537109375 0.7322265625 0.544921875 0.6990234375