1 0.44921875 0.3814453125 0.466796875 0.3541015625 0.466796875 0.3423828125 0.45703125 0.3189453125 0.44921875 0.2662109375 0.4404296875 0.259375 0.3212890625 0.210546875 0.2880859375 0.20859375 0.2353515625 0.214453125 0.1904296875 0.233984375 0.1669921875 0.2359375 0.146484375 0.2486328125 0.189453125 0.3013671875 0.19921875 0.3267578125 0.2373046875 0.34921875 0.2900390625 0.3921875 0.3662109375 0.43125 0.46484375 0.4458984375 0.4873046875 0.4390625 0.490234375 0.4322265625 0.4453125 0.3990234375 0.44921875 0.3814453125
1 0.41796875 0.6548828125 0.427734375 0.6294921875 0.427734375 0.6021484375 0.416015625 0.5669921875 0.3583984375 0.542578125 0.2783203125 0.523046875 0.2412109375 0.5171875 0.2021484375 0.52109375 0.1875 0.5552734375 0.1875 0.5845703125 0.205078125 0.6392578125 0.2412109375 0.671484375 0.306640625 0.6978515625 0.3544921875 0.651953125 0.3681640625 0.65 0.4033203125 0.665625 0.41796875 0.6548828125
1 0.44921875 0.7779296875 0.47265625 0.7603515625 0.474609375 0.7408203125 0.4423828125 0.687109375 0.4287109375 0.68515625 0.3876953125 0.659765625 0.3564453125 0.65390625 0.3095703125 0.702734375 0.2900390625 0.714453125 0.2314453125 0.73203125 0.21484375 0.7486328125 0.2109375 0.7623046875 0.23828125 0.8111328125 0.2744140625 0.851171875 0.3173828125 0.86875 0.37109375 0.8697265625 0.3994140625 0.858984375 0.416015625 0.8423828125 0.4296875 0.8248046875 0.44921875 0.7779296875
1 0.5615234375 0.5484375 0.5126953125 0.542578125 0.4580078125 0.52109375 0.4384765625 0.523046875 0.427734375 0.5474609375 0.43359375 0.6197265625 0.4404296875 0.6265625 0.4765625 0.6275390625 0.5693359375 0.61875 0.58203125 0.6001953125 0.57421875 0.5552734375 0.5615234375 0.5484375
1 0.4912109375 0.6265625 0.4677734375 0.632421875 0.443359375 0.6666015625 0.443359375 0.6802734375 0.46484375 0.6958984375 0.46875 0.7251953125 0.48828125 0.7388671875 0.53125 0.6978515625 0.544921875 0.6431640625 0.5419921875 0.6265625 0.4912109375 0.6265625
1 0.7001953125 0.319921875 0.5869140625 0.300390625 0.5576171875 0.300390625 0.544921875 0.3072265625 0.53515625 0.3482421875 0.537109375 0.3814453125 0.5439453125 0.394140625 0.708984375 0.4048828125 0.72265625 0.3912109375 0.724609375 0.3677734375 0.716796875 0.3423828125 0.7001953125 0.319921875
1 0.849609375 0.6080078125 0.8330078125 0.585546875 0.8095703125 0.577734375 0.7978515625 0.566015625 0.7255859375 0.5640625 0.6767578125 0.55625 0.662109375 0.5611328125 0.6640625 0.6138671875 0.6904296875 0.624609375 0.703125 0.6451171875 0.7294921875 0.66171875 0.7587890625 0.698828125 0.82421875 0.6998046875 0.845703125 0.6900390625 0.8515625 0.6705078125 0.84375 0.6568359375 0.849609375 0.6080078125
1 0.84765625 0.4107421875 0.7919921875 0.355078125 0.7314453125 0.34140625 0.72265625 0.3501953125 0.728515625 0.3677734375 0.7265625 0.3873046875 0.697265625 0.4224609375 0.701171875 0.4966796875 0.6875 0.5435546875 0.7197265625 0.56015625 0.796875 0.5611328125 0.8330078125 0.538671875 0.84765625 0.5162109375 0.853515625 0.4712890625 0.84765625 0.4107421875
1 0.69140625 0.4224609375 0.6630859375 0.401953125 0.5419921875 0.4 0.515625 0.4478515625 0.49609375 0.4654296875 0.486328125 0.5181640625 0.5068359375 0.5328125 0.5361328125 0.540625 0.6103515625 0.538671875 0.6318359375 0.5484375 0.666015625 0.5474609375 0.693359375 0.5259765625 0.69921875 0.4966796875 0.69921875 0.4380859375 0.69140625 0.4224609375
0 0.482421875 0.4673828125 0.4384765625 0.44296875 0.3623046875 0.43515625 0.3369140625 0.415625 0.2900390625 0.394140625 0.2568359375 0.366796875 0.2451171875 0.366796875 0.244140625 0.4029296875 0.236328125 0.4107421875 0.2421875 0.4166015625 0.236328125 0.4205078125 0.236328125 0.4302734375 0.2421875 0.4341796875 0.228515625 0.4517578125 0.23046875 0.4791015625 0.2236328125 0.45859375 0.20703125 0.4673828125 0.203125 0.5123046875 0.2333984375 0.511328125 0.2353515625 0.495703125 0.240234375 0.5103515625 0.2529296875 0.5171875 0.3349609375 0.526953125 0.3857421875 0.546484375 0.396484375 0.5455078125 0.4384765625 0.519140625 0.4736328125 0.507421875 0.484375 0.4908203125 0.482421875 0.4673828125
0 0.2119140625 0.452734375 0.224609375 0.4439453125 0.21875 0.4322265625 0.228515625 0.4263671875 0.21875 0.4185546875 0.2255859375 0.417578125 0.2275390625 0.4234375 0.228515625 0.4126953125 0.2236328125 0.39609375 0.220703125 0.4048828125 0.21484375 0.3521484375 0.1923828125 0.33359375 0.1630859375 0.321875 0.0869140625 0.31796875 0.078125 0.3287109375 0.078125 0.3638671875 0.09765625 0.4263671875 0.08203125 0.4439453125 0.08203125 0.4693359375 0.1025390625 0.476171875 0.146484375 0.4751953125 0.1630859375 0.4703125 0.16796875 0.4556640625 0.1826171875 0.441015625 0.2119140625 0.452734375
0 0.6591796875 0.82578125 0.669921875 0.8189453125 0.666015625 0.8052734375 0.671875 0.7935546875 0.6904296875 0.776953125 0.76171875 0.7623046875 0.767578125 0.7388671875 0.763671875 0.7134765625 0.7421875 0.6880859375 0.734375 0.6685546875 0.7060546875 0.651953125 0.6865234375 0.624609375 0.6513671875 0.61484375 0.5791015625 0.667578125 0.5498046875 0.706640625 0.5126953125 0.728125 0.490234375 0.7564453125 0.455078125 0.7857421875 0.4453125 0.7994140625 0.439453125 0.8267578125 0.41796875 0.8482421875 0.4208984375 0.858984375 0.4365234375 0.86484375 0.515625 0.8677734375 0.5537109375 0.855078125 0.5986328125 0.827734375 0.6396484375 0.821875 0.6591796875 0.82578125
0 0.958984375 0.3951171875 0.921875 0.3306640625 0.919921875 0.3150390625 0.8720703125 0.273046875 0.8369140625 0.269140625 0.818359375 0.2857421875 0.81640625 0.3267578125 0.853515625 0.4166015625 0.859375 0.4556640625 0.85546875 0.5201171875 0.8740234375 0.542578125 0.91015625 0.5435546875 0.927734375 0.5376953125 0.951171875 0.4986328125 0.9609375 0.4302734375 0.958984375 0.3951171875
0 0.6845703125 0.165625 0.6298828125 0.15 0.578125 0.1646484375 0.580078125 0.1705078125 0.57421875 0.1724609375 0.578125 0.1861328125 0.572265625 0.1919921875 0.576171875 0.2037109375 0.5703125 0.2134765625 0.57421875 0.2193359375 0.56640625 0.2251953125 0.576171875 0.2330078125 0.5712890625 0.237890625 0.5576171875 0.2359375 0.55078125 0.2427734375 0.55078125 0.2544921875 0.53515625 0.2759765625 0.53515625 0.2876953125 0.5439453125 0.2984375 0.5888671875 0.296484375 0.6904296875 0.316015625 0.7158203125 0.331640625 0.7685546875 0.34921875 0.80078125 0.3501953125 0.814453125 0.3111328125 0.814453125 0.2779296875 0.7275390625 0.226171875 0.6845703125 0.165625