1 0.31179460937500003 0.26697055937499997 0.260731184375 0.305546078125 0.22345339687500002 0.32485357656249997 0.214807959375 0.3493910859375 0.17402493125000001 0.398505578125 0.19525044375 0.41284264843749996 0.21892425625 0.416700559375 0.2650332796875 0.4398468234375 0.270103834375 0.4408110203125 0.3836237203125 0.4401505796875 0.46929525156249996 0.41173251562499996 0.47782095937499997 0.40562804375 0.483229515625 0.353649728125 0.49196578437499994 0.3310609125 0.49142079843750003 0.319368753125 0.47246192656249997 0.29065513125 0.46771395 0.2727986875 0.509381490625 0.244672846875 0.508870225 0.2379257359375 0.5081047562500001 0.2362711515625 0.485186490625 0.22762105937500002 0.3866226765625 0.2342016421875 0.31179460937500003 0.26697055937499997
1 0.31441830937500004 0.5108726671875 0.2472292453125 0.5112635625 0.23404401875 0.5455804703125 0.235247259375 0.5749667921875 0.25506366406250003 0.6296164296875 0.2925040671875 0.661520353125 0.3551854890625 0.685736675 0.3604664859375 0.6857059515625 0.40493307500000003 0.64060949375 0.4185186890625 0.6384910968749999 0.45430112500000003 0.6537541515624999 0.468501896875 0.64280848125 0.4741940609375 0.6261064640625 0.4702624609375 0.57422160625 0.4629399109375 0.5546722796875 0.40434549531249997 0.53085505 0.3235006125 0.5121972593749999 0.31441830937500004 0.5108726671875
1 0.46322751718750005 0.6732498359375 0.4358890234375 0.65851431875 0.38217619375 0.651695125 0.3377394546875 0.6628618328125 0.29816705468750004 0.697246603125 0.2689204578125 0.7383459453125 0.2703318625 0.7569721 0.2844356453125 0.7745340203125 0.34140376093749997 0.800422571875 0.35988157187500003 0.8148504796875 0.3999824578125 0.8668059578125 0.4388983171875 0.8665795515625 0.4773025859375 0.849515515625 0.4911237609375 0.8495645046875 0.5268724703125 0.8025530312500001 0.5275905437499999 0.794413890625 0.5265218140625 0.7803099796875 0.5058782953125001 0.760680303125 0.490469853125 0.7114620359375 0.478353884375 0.692085071875 0.46322751718750005 0.6732498359375
1 0.5065282328125 0.5123633140625 0.48669864843750005 0.510438784375 0.47548713437499995 0.5322745953125 0.4804832453125 0.604312821875 0.4873252609375 0.61236239375 0.5239499703125 0.6204249984375 0.540643440625 0.6221301593749999 0.62392216875 0.6216456578125 0.6196823890625 0.5656937859375 0.6111320625000001 0.5595390484375 0.5616985828125001 0.5441906015625 0.5065282328125 0.5123633140625
1 0.5120704765624999 0.66197709375 0.5001042 0.7142415703125 0.5033263015625 0.729606390625 0.5293247796875 0.733182415625 0.580679953125 0.732883640625 0.597841925 0.7106813546875 0.5960468765625 0.68699231875 0.5793545421874999 0.673157221875 0.574397434375 0.6435948109375 0.554159534375 0.6273335343750001 0.5120704765624999 0.66197709375
1 0.6159054312500001 0.297913028125 0.5862270640625 0.2928131875 0.5734795890625 0.297349915625 0.5642657046874999 0.33612992343750003 0.5667938515625 0.3692394 0.5739289390625 0.382958871875 0.6834887609375 0.40870542812500005 0.75313238125 0.4083002546875 0.7500787625 0.368002 0.7481745859375 0.36196608124999996 0.7309850640625 0.33690857812499997 0.6159054312500001 0.297913028125
1 0.7547648265625 0.60405640625 0.7419518765625 0.6215110890625 0.7152030203125 0.626545075 0.7134464375 0.6777997484375 0.713450421875 0.6778270875 0.723880671875 0.683311440625 0.7376504171875 0.686135128125 0.7779398640624999 0.6881811640625 0.7936940515625001 0.69100145 0.87844723125 0.690508371875 0.8870127640625001 0.6895097031249999 0.90378695 0.6709547421875001 0.897621915625 0.6218758281250001 0.9003187546874999 0.6178471328125 0.8981236812500001 0.5888789937500001 0.8775883468749999 0.575690728125 0.811100821875 0.563012778125 0.78148841875 0.5932794796875 0.7547648265625 0.60405640625
1 0.750968290625 0.3395090625 0.74488564375 0.34752018281249997 0.7529220015625 0.36417543124999996 0.7534851890625001 0.3838633078125 0.7290145015625 0.4229021765625 0.7423523140625 0.49613397968750006 0.734823028125 0.5446396671875 0.7646410234375 0.5551730484374999 0.7809809484375 0.5550779859375 0.8451832078124999 0.546837590625 0.8780321140625 0.5194638046875 0.8896439984375 0.49509059375 0.8896910484375 0.4569652984375 0.8888521828125 0.4458948921875 0.87617734375 0.3902490765625 0.8140467546875 0.34269027812499997 0.7742574453125 0.3393735703125 0.750968290625 0.3395090625
1 0.5525483625 0.43618827812500005 0.5311615625 0.449341071875 0.5173405890625 0.49411267031249995 0.517858415625 0.5009463625 0.5348130875 0.51758759375 0.5632951578125 0.5313415390625 0.63773883125 0.5448832125 0.6514166718750001 0.5542685796875 0.7140569671875 0.5539041484375 0.7221046953125 0.5497318124999999 0.7310497078125 0.5222521109375 0.7371465390624999 0.465516825 0.737064228125 0.4644305859375 0.731048259375 0.4479190296875 0.7048794546875 0.421931846875 0.5839597953125 0.394802478125 0.5525483625 0.43618827812500005
0 0.5010900671875 0.4960695453125 0.48893897812500003 0.47508447187499997 0.4952477953125 0.4731766546875 0.4961878515625 0.4638705640625 0.490631078125 0.45833350937499995 0.4971279078125 0.45456447187500004 0.48996955781249996 0.444700109375 0.49245896718750004 0.40996513749999997 0.48059337500000004 0.4063359 0.4443420359375 0.42211011875000004 0.3948115421875 0.42806657187499997 0.3672226453125 0.4388154078125 0.2893442484375 0.42267024218750004 0.24249813437499998 0.432325834375 0.2382644 0.454055578125 0.2475430984375 0.47320273281249997 0.28201180937500003 0.4952577515625 0.32199202968749996 0.5333889578125001 0.3241485890625 0.534240440625 0.3349067265625 0.5375309500000001 0.3860725 0.534760878125 0.41351748749999995 0.5400207484374999 0.4880200890625 0.5395873046874999 0.48993821875 0.5358299 0.4900526828125 0.5395754796875 0.5129595124999999 0.5394422109375 0.5106174343750001 0.5085340765625 0.505376025 0.5040959890625001 0.49648031093749995 0.521521725 0.5010900671875 0.4960695453125
0 0.239709121875 0.3193646421875 0.2181589609375 0.3147090421875 0.1750627734375 0.3202745359375 0.15967256093749999 0.326866903125 0.15775275 0.34194777656249997 0.1462131921875 0.3580495703125 0.11504190624999999 0.34945599375 0.10427027343749999 0.3595254359375 0.11235416875 0.370569215625 0.1040597234375 0.37728131875000004 0.1041136703125 0.3775533015625 0.11505156093749999 0.3841682703125 0.108510409375 0.38585427499999997 0.10543043437499999 0.38023029375 0.1063563609375 0.38885994375 0.10691124999999999 0.3916574625 0.11467311718749999 0.4070200328125 0.11582500312499999 0.397971509375 0.13200107656249999 0.449812453125 0.1577872375 0.4659201984375 0.181971509375 0.472587534375 0.2299571125 0.4723083625 0.23065111093750001 0.47227103125000003 0.2658331484375 0.46853725312499994 0.2708680484375 0.459601728125 0.2706271078125 0.45642205625 0.264049765625 0.42326201093750004 0.2327950453125 0.3637379953125 0.244718565625 0.344620028125 0.239709121875 0.3193646421875
0 0.732626046875 0.699016834375 0.7234825593750001 0.6892596296875 0.70343973125 0.6871626296875 0.6642925046875 0.669292028125 0.6257960125 0.629679428125 0.590963084375 0.6061380875 0.512487115625 0.585300575 0.4958806578125 0.5862415390625 0.49074894062499996 0.5956530859375 0.5074010734375001 0.62264910625 0.50744675 0.650586090625 0.5141984828124999 0.666597815625 0.5426735609375 0.7051619125 0.5588564796875 0.7389962328124999 0.590888940625 0.7706624984375 0.6115528421875001 0.8168272703125 0.6584734203125 0.8731180453125 0.7296094734375 0.8727041874999999 0.7332483109375 0.8697362375000001 0.7645991921874999 0.8623026312500001 0.776376459375 0.845933721875 0.80283764375 0.8280400703125 0.8078747171874999 0.8153088468749999 0.8117370312500001 0.7976335390625 0.8112052796875 0.7827263265625 0.8110480640625 0.7806515593750001 0.744025453125 0.745360196875 0.7292353515625 0.7239158531250001 0.72591999375 0.7109420937500001 0.732626046875 0.699016834375
0 1 0.40676657968749996 0.9990413359374999 0.39411520312500004 0.9896886687500001 0.3735684546875 0.9302622671874999 0.3200292234375 0.9224444999999999 0.3053468328125 0.8615806390625 0.2761902 0.8271951828124999 0.2809031265625 0.8162028234375001 0.301491959375 0.8301012312499999 0.34174536875 0.8992624703125 0.4199109890625 0.919720440625 0.45638081250000007 0.9407777546875 0.5198385859375 0.961596240625 0.5337057421875 0.9823259406249999 0.533585140625 1 0.52955621875 1 0.40676657968749996
0 0.7968840140625 0.26370765625 0.79232445625 0.2579928890625 0.8026811781250001 0.2521103015625 0.7952483765625 0.24489024062500003 0.7995835828125 0.23984420625 0.7943871375 0.2291393453125 0.79913488125 0.21832260468750003 0.7936634125 0.21146488125000001 0.7985486671875 0.19872456875 0.7928021734375 0.1957139859375 0.7951760453125 0.19030561562499998 0.7442320062500001 0.1662768921875 0.688214528125 0.1715199890625 0.6408022796874999 0.22317921406250002 0.5498787953125001 0.258029775 0.5490119625000001 0.2701553625 0.551767134375 0.3065150359375 0.5584378515624999 0.33143065625 0.5658164078125 0.3327937734375 0.6218086078125 0.3324680203125 0.645144634375 0.3292259984375 0.6717420875 0.31854783593749997 0.7751066328125 0.3181537046875 0.820079828125 0.32841104374999996 0.829662153125 0.3194619328125 0.8302207328125 0.311648325 0.8298572546875 0.30685155000000003 0.8163091796874999 0.2838625453125 0.8171342515625 0.2723211296875 0.810750871875 0.2643204546875 0.7968840140625 0.26370765625