1 0.47265625 0.4783203125 0.474609375 0.4587890625 0.466796875 0.4353515625 0.4619140625 0.4265625 0.4365234375 0.416796875 0.3857421875 0.4109375 0.3349609375 0.408984375 0.3037109375 0.412890625 0.2900390625 0.41875 0.25390625 0.4861328125 0.23828125 0.5095703125 0.2265625 0.5173828125 0.2275390625 0.52421875 0.2412109375 0.530078125 0.2763671875 0.522265625 0.3212890625 0.5203125 0.3818359375 0.53203125 0.4453125 0.5330078125 0.4755859375 0.526171875 0.486328125 0.5173828125 0.484375 0.4978515625 0.47265625 0.4783203125
1 0.2822265625 0.34453125 0.2470703125 0.323046875 0.2236328125 0.315234375 0.205078125 0.3337890625 0.201171875 0.3455078125 0.19140625 0.3552734375 0.189453125 0.3708984375 0.2451171875 0.4109375 0.283203125 0.4236328125 0.318359375 0.4041015625 0.3203125 0.3865234375 0.31640625 0.3787109375 0.2822265625 0.34453125
1 0.3515625 0.2087890625 0.33984375 0.1912109375 0.3212890625 0.174609375 0.2880859375 0.17265625 0.2548828125 0.184375 0.2294921875 0.20390625 0.1767578125 0.23125 0.146484375 0.2556640625 0.146484375 0.2615234375 0.1513671875 0.264453125 0.2021484375 0.264453125 0.212890625 0.2771484375 0.208984375 0.2927734375 0.2109375 0.3103515625 0.2177734375 0.315234375 0.2294921875 0.309375 0.2490234375 0.325 0.263671875 0.3279296875 0.2890625 0.3083984375 0.31640625 0.2673828125 0.357421875 0.2283203125 0.3515625 0.2087890625
1 0.58984375 0.2029296875 0.580078125 0.1755859375 0.5771484375 0.17265625 0.4365234375 0.17265625 0.4267578125 0.1765625 0.412109375 0.1951171875 0.4140625 0.2029296875 0.5166015625 0.291796875 0.53125 0.2927734375 0.568359375 0.2595703125 0.59765625 0.2224609375 0.59765625 0.2126953125 0.58984375 0.2029296875
1 0.86328125 0.4138671875 0.8505859375 0.37578125 0.7822265625 0.34453125 0.7646484375 0.340625 0.7392578125 0.325 0.7216796875 0.325 0.7109375 0.3416015625 0.701171875 0.3455078125 0.697265625 0.3708984375 0.7119140625 0.385546875 0.7431640625 0.401171875 0.7646484375 0.420703125 0.7978515625 0.440234375 0.8310546875 0.4578125 0.837890625 0.4568359375 0.8447265625 0.455859375 0.85546875 0.4451171875 0.853515625 0.4275390625 0.86328125 0.4138671875
1 0.826171875 0.4587890625 0.8173828125 0.45 0.7958984375 0.4421875 0.7294921875 0.401171875 0.7001953125 0.377734375 0.6474609375 0.389453125 0.640625 0.3962890625 0.64453125 0.4158203125 0.634765625 0.4490234375 0.642578125 0.4880859375 0.6767578125 0.518359375 0.72265625 0.5193359375 0.7412109375 0.5125 0.7724609375 0.518359375 0.8212890625 0.506640625 0.826171875 0.4587890625
1 0.9541015625 0.3875 0.9248046875 0.3875 0.8720703125 0.371875 0.8603515625 0.371875 0.857421875 0.3884765625 0.865234375 0.4119140625 0.859375 0.4216796875 0.857421875 0.4451171875 0.8408203125 0.46171875 0.830078125 0.4626953125 0.826171875 0.5037109375 0.8388671875 0.5046875 0.8564453125 0.496875 0.8818359375 0.496875 0.8876953125 0.49296875 0.9013671875 0.496875 0.90625 0.5076171875 0.912109375 0.5076171875 0.951171875 0.4490234375 0.958984375 0.4255859375 0.958984375 0.3923828125 0.9541015625 0.3875
1 0.8828125 0.5095703125 0.8681640625 0.496875 0.8037109375 0.5125 0.779296875 0.5232421875 0.77734375 0.5291015625 0.7890625 0.5369140625 0.794921875 0.5525390625 0.8134765625 0.576953125 0.8359375 0.5779296875 0.8681640625 0.565234375 0.888671875 0.5427734375 0.890625 0.5271484375 0.8828125 0.5095703125
1 0.5673828125 0.77421875 0.6494140625 0.729296875 0.6787109375 0.7078125 0.685546875 0.6990234375 0.681640625 0.6755859375 0.703125 0.6560546875 0.69921875 0.6443359375 0.6767578125 0.6296875 0.6513671875 0.6296875 0.6298828125 0.60234375 0.6181640625 0.60625 0.5791015625 0.604296875 0.5498046875 0.6140625 0.4619140625 0.674609375 0.4130859375 0.69609375 0.4140625 0.7224609375 0.427734375 0.7498046875 0.4814453125 0.8015625 0.5009765625 0.811328125 0.521484375 0.8123046875 0.525390625 0.8083984375 0.5234375 0.7908203125 0.5263671875 0.787890625 0.5673828125 0.77421875
0 0.3798828125 0.584765625 0.326171875 0.6365234375 0.31640625 0.6501953125 0.31640625 0.6677734375 0.3203125 0.6775390625 0.3427734375 0.694140625 0.3603515625 0.698046875 0.3984375 0.6970703125 0.4130859375 0.694140625 0.4521484375 0.67265625 0.46484375 0.6580078125 0.3798828125 0.584765625
0 0.56640625 0.5564453125 0.560546875 0.5388671875 0.55859375 0.5095703125 0.5458984375 0.496875 0.4873046875 0.494921875 0.48828125 0.5212890625 0.4833984375 0.528125 0.4462890625 0.5359375 0.4072265625 0.537890625 0.3828125 0.5720703125 0.3828125 0.5818359375 0.3955078125 0.596484375 0.4619140625 0.655078125 0.474609375 0.6560546875 0.4990234375 0.6453125 0.5146484375 0.6296875 0.560546875 0.6033203125 0.56640625 0.5564453125
0 0.3935546875 0.5359375 0.3212890625 0.522265625 0.2802734375 0.52421875 0.2607421875 0.528125 0.2265625 0.5544921875 0.21875 0.5798828125 0.3076171875 0.651171875 0.31640625 0.6501953125 0.353515625 0.6033203125 0.37890625 0.5798828125 0.396484375 0.5427734375 0.3935546875 0.5359375
0 0.1142578125 0.393359375 0.1025390625 0.401171875 0.08984375 0.4177734375 0.08984375 0.4314453125 0.0986328125 0.440234375 0.10546875 0.4412109375 0.126953125 0.4177734375 0.134765625 0.4001953125 0.1318359375 0.39140625 0.1142578125 0.393359375
0 0.275390625 0.4314453125 0.2646484375 0.420703125 0.2333984375 0.405078125 0.2080078125 0.385546875 0.1865234375 0.377734375 0.1484375 0.4177734375 0.138671875 0.4314453125 0.130859375 0.4548828125 0.1884765625 0.494921875 0.2216796875 0.5125 0.228515625 0.5115234375 0.2421875 0.5017578125 0.25390625 0.4822265625 0.271484375 0.4509765625 0.275390625 0.4314453125
0 0.1796875 0.3650390625 0.1875 0.3630859375 0.193359375 0.3376953125 0.20703125 0.3103515625 0.20703125 0.2908203125 0.2109375 0.2830078125 0.20703125 0.2712890625 0.1982421875 0.264453125 0.1884765625 0.272265625 0.1513671875 0.26640625 0.0537109375 0.2703125 0.03125 0.2908203125 0.02734375 0.3083984375 0.015625 0.3181640625 0.00390625 0.3376953125 0.001953125 0.3552734375 0.0244140625 0.369921875 0.0869140625 0.37578125 0.1162109375 0.385546875 0.1298828125 0.385546875 0.140625 0.3708984375 0.14453125 0.3708984375 0.126953125 0.4158203125 0.107421875 0.4431640625 0.115234375 0.4490234375 0.115234375 0.4607421875 0.119140625 0.4626953125 0.12890625 0.4568359375 0.146484375 0.4197265625 0.177734375 0.3826171875 0.1796875 0.3650390625
0 0.244140625 0.1912109375 0.244140625 0.1755859375 0.2412109375 0.17265625 0.1279296875 0.17265625 0.1201171875 0.1765625 0.080078125 0.2087890625 0.078125 0.2283203125 0.0986328125 0.25078125 0.130859375 0.2517578125 0.1630859375 0.2390625 0.1748046875 0.229296875 0.2333984375 0.2 0.244140625 0.1912109375
0 0.654296875 0.3337890625 0.64453125 0.3123046875 0.619140625 0.2810546875 0.6171875 0.2654296875 0.6025390625 0.256640625 0.5791015625 0.256640625 0.5673828125 0.2625 0.4921875 0.3337890625 0.4921875 0.3396484375 0.53125 0.3962890625 0.5400390625 0.403125 0.55078125 0.4021484375 0.5888671875 0.354296875 0.6318359375 0.3328125 0.6494140625 0.340625 0.654296875 0.3337890625
0 0.53125 0.4041015625 0.505859375 0.3572265625 0.4912109375 0.342578125 0.4755859375 0.342578125 0.4404296875 0.366015625 0.419921875 0.3826171875 0.404296875 0.4080078125 0.4091796875 0.412890625 0.4755859375 0.424609375 0.4912109375 0.436328125 0.50390625 0.4373046875 0.5283203125 0.434375 0.5390625 0.4236328125 0.54296875 0.4119140625 0.53125 0.4041015625
0 0.6748046875 0.5203125 0.6533203125 0.5046875 0.6396484375 0.50078125 0.630859375 0.4900390625 0.62890625 0.4744140625 0.6220703125 0.467578125 0.5888671875 0.455859375 0.5693359375 0.459765625 0.55078125 0.4802734375 0.546875 0.4939453125 0.560546875 0.5095703125 0.568359375 0.5505859375 0.5888671875 0.559375 0.630859375 0.5603515625 0.6494140625 0.557421875 0.6884765625 0.53984375 0.701171875 0.5271484375 0.6748046875 0.5203125
0 0.8046875 0.2517578125 0.8046875 0.2439453125 0.8125 0.2400390625 0.8017578125 0.2390625 0.7890625 0.2205078125 0.806640625 0.2009765625 0.798828125 0.1990234375 0.798828125 0.1873046875 0.7890625 0.1814453125 0.7958984375 0.1765625 0.8017578125 0.178515625 0.802734375 0.1931640625 0.8095703125 0.198046875 0.8203125 0.1873046875 0.8115234375 0.17265625 0.5908203125 0.17265625 0.587890625 0.1755859375 0.591796875 0.1970703125 0.5986328125 0.20390625 0.6181640625 0.209765625 0.6357421875 0.221484375 0.6904296875 0.237109375 0.7314453125 0.25859375 0.7451171875 0.27421875 0.7568359375 0.27421875 0.7626953125 0.264453125 0.7724609375 0.260546875 0.7822265625 0.2703125 0.7880859375 0.264453125 0.7998046875 0.264453125 0.810546875 0.2673828125 0.8076171875 0.276171875 0.826171875 0.2771484375 0.828125 0.2732421875 0.8173828125 0.268359375 0.814453125 0.2595703125 0.8046875 0.2517578125
0 0.96875 0.3005859375 0.9580078125 0.280078125 0.9228515625 0.264453125 0.8876953125 0.2625 0.8388671875 0.278125 0.83203125 0.2849609375 0.828125 0.3357421875 0.8466796875 0.358203125 0.9072265625 0.3796875 0.939453125 0.3826171875 0.9580078125 0.3796875 0.966796875 0.3669921875 0.970703125 0.3318359375 0.96875 0.3005859375