0 0.53125 0.3806640625 0.5390625 0.3513671875 0.5390625 0.3240234375 0.525390625 0.2986328125 0.51953125 0.2712890625 0.4853515625 0.246875 0.4541015625 0.244921875 0.4404296875 0.248828125 0.3388671875 0.3015625 0.30078125 0.3337890625 0.2890625 0.3572265625 0.2890625 0.3904296875 0.29296875 0.4158203125 0.298828125 0.4275390625 0.298828125 0.4529296875 0.310546875 0.4763671875 0.30859375 0.4802734375 0.31640625 0.5037109375 0.3310546875 0.518359375 0.357421875 0.5193359375 0.3662109375 0.518359375 0.4794921875 0.43828125 0.5234375 0.3962890625 0.53125 0.3806640625
0 0.177734375 0.4998046875 0.189453125 0.4548828125 0.189453125 0.4001953125 0.185546875 0.3865234375 0.1875 0.3357421875 0.18359375 0.3240234375 0.1787109375 0.32109375 0.1572265625 0.32890625 0.1259765625 0.326953125 0.0966796875 0.342578125 0.072265625 0.3650390625 0.052734375 0.3923828125 0.037109375 0.4412109375 0.03515625 0.4607421875 0.02734375 0.4763671875 0.03125 0.5056640625 0.05078125 0.5271484375 0.064453125 0.5583984375 0.08203125 0.5720703125 0.1103515625 0.612109375 0.1240234375 0.619921875 0.134765625 0.6189453125 0.1650390625 0.608203125 0.1796875 0.5935546875 0.18359375 0.5818359375 0.177734375 0.4998046875
0 0.2685546875 0.3953125 0.27734375 0.3806640625 0.30078125 0.3220703125 0.28515625 0.2947265625 0.2744140625 0.2859375 0.2236328125 0.276171875 0.2060546875 0.28203125 0.177734375 0.3083984375 0.185546875 0.3181640625 0.189453125 0.3435546875 0.19140625 0.4138671875 0.197265625 0.4177734375 0.205078125 0.4353515625 0.2177734375 0.420703125 0.2255859375 0.41875 0.2431640625 0.403125 0.2685546875 0.3953125
0 0.330078125 0.5251953125 0.3125 0.4998046875 0.306640625 0.4724609375 0.296875 0.4529296875 0.29296875 0.4216796875 0.2646484375 0.403125 0.2490234375 0.403125 0.21875 0.4255859375 0.185546875 0.4783203125 0.1796875 0.5056640625 0.19140625 0.6033203125 0.2119140625 0.623828125 0.232421875 0.6248046875 0.2626953125 0.623828125 0.267578125 0.6189453125 0.28125 0.5681640625 0.330078125 0.5251953125
0 0.42578125 0.7302734375 0.427734375 0.6951171875 0.435546875 0.6580078125 0.435546875 0.6228515625 0.423828125 0.5837890625 0.423828125 0.5701171875 0.412109375 0.5466796875 0.3974609375 0.533984375 0.3740234375 0.526171875 0.3388671875 0.526171875 0.2939453125 0.557421875 0.27734375 0.5837890625 0.26953125 0.6150390625 0.26953125 0.6677734375 0.279296875 0.6990234375 0.298828125 0.7380859375 0.296875 0.7517578125 0.3330078125 0.778125 0.3603515625 0.7859375 0.38671875 0.7849609375 0.3994140625 0.780078125 0.41015625 0.7693359375 0.416015625 0.7458984375 0.42578125 0.7302734375
0 0.7138671875 0.658984375 0.7421875 0.6267578125 0.755859375 0.6013671875 0.7578125 0.5681640625 0.740234375 0.5583984375 0.71484375 0.5212890625 0.71484375 0.5134765625 0.7041015625 0.50859375 0.6806640625 0.479296875 0.6728515625 0.47734375 0.6220703125 0.487109375 0.5927734375 0.50859375 0.572265625 0.5330078125 0.544921875 0.5916015625 0.541015625 0.6208984375 0.548828125 0.6482421875 0.5927734375 0.7 0.6044921875 0.705859375 0.62109375 0.7048828125 0.6376953125 0.7 0.6552734375 0.68828125 0.6630859375 0.68828125 0.7138671875 0.658984375
0 0.90625 0.6169921875 0.94140625 0.5486328125 0.94921875 0.5173828125 0.9453125 0.5095703125 0.947265625 0.4998046875 0.9384765625 0.4890625 0.9208984375 0.483203125 0.9091796875 0.4734375 0.8916015625 0.48515625 0.880859375 0.5037109375 0.8466796875 0.5359375 0.8017578125 0.53203125 0.7724609375 0.506640625 0.763671875 0.5115234375 0.7578125 0.5251953125 0.7578125 0.5525390625 0.76171875 0.5583984375 0.7578125 0.6091796875 0.751953125 0.6248046875 0.728515625 0.6521484375 0.7412109375 0.66484375 0.779296875 0.6716796875 0.8564453125 0.666796875 0.8720703125 0.6609375 0.8828125 0.6501953125 0.90625 0.6169921875
0 0.939453125 0.3923828125 0.955078125 0.3513671875 0.955078125 0.3181640625 0.9453125 0.2986328125 0.9111328125 0.27421875 0.8955078125 0.268359375 0.8525390625 0.2703125 0.7744140625 0.30546875 0.771484375 0.3162109375 0.75390625 0.3318359375 0.7109375 0.4158203125 0.71484375 0.4412109375 0.771484375 0.5056640625 0.775390625 0.5193359375 0.7998046875 0.533984375 0.8271484375 0.5359375 0.828125 0.5408203125 0.83203125 0.5408203125 0.8525390625 0.533984375 0.87890625 0.5056640625 0.921875 0.4177734375 0.939453125 0.3923828125
0 0.541015625 0.2087890625 0.529296875 0.2654296875 0.529296875 0.2908203125 0.54296875 0.3240234375 0.541015625 0.3611328125 0.53125 0.3865234375 0.53125 0.4021484375 0.5498046875 0.420703125 0.572265625 0.4255859375 0.5947265625 0.424609375 0.6435546875 0.412890625 0.6826171875 0.397265625 0.697265625 0.3845703125 0.69921875 0.3142578125 0.681640625 0.2986328125 0.67578125 0.2869140625 0.666015625 0.2283203125 0.66796875 0.1912109375 0.6611328125 0.184375 0.5712890625 0.184375 0.5517578125 0.194140625 0.541015625 0.2087890625
0 0.6796875 0.2908203125 0.6923828125 0.30546875 0.7080078125 0.315234375 0.71484375 0.3142578125 0.7451171875 0.311328125 0.8369140625 0.2703125 0.8935546875 0.25859375 0.900390625 0.2498046875 0.900390625 0.2341796875 0.890625 0.1912109375 0.8837890625 0.184375 0.6708984375 0.184375 0.66796875 0.2263671875 0.6796875 0.2908203125
0 0.51953125 0.5720703125 0.52734375 0.5623046875 0.525390625 0.5427734375 0.5400390625 0.53984375 0.5537109375 0.526171875 0.5654296875 0.52421875 0.5830078125 0.5125 0.611328125 0.4841796875 0.6123046875 0.465625 0.61328125 0.4802734375 0.6171875 0.4783203125 0.6162109375 0.436328125 0.5927734375 0.432421875 0.4951171875 0.436328125 0.4638671875 0.451953125 0.4462890625 0.465625 0.4423828125 0.4734375 0.4326171875 0.475390625 0.400390625 0.5076171875 0.3984375 0.5232421875 0.4296875 0.5662109375 0.431640625 0.5759765625 0.44140625 0.5798828125 0.4453125 0.6052734375 0.4580078125 0.61796875 0.4814453125 0.627734375 0.48828125 0.6267578125 0.5 0.6189453125 0.5078125 0.5994140625 0.517578125 0.5876953125 0.51953125 0.5720703125
1 0.142578125 0.2751953125 0.140625 0.2576171875 0.1220703125 0.241015625 0.0908203125 0.2390625 0.0771484375 0.248828125 0.0654296875 0.264453125 0.0380859375 0.278125 0.033203125 0.2849609375 0.021484375 0.3748046875 0.0380859375 0.389453125 0.05078125 0.3904296875 0.0810546875 0.350390625 0.1005859375 0.334765625 0.13671875 0.3162109375 0.142578125 0.2751953125
1 0.2568359375 0.246875 0.2841796875 0.2078125 0.326171875 0.1853515625 0.1396484375 0.184375 0.130859375 0.2302734375 0.130859375 0.2439453125 0.140625 0.2537109375 0.142578125 0.2673828125 0.13671875 0.3181640625 0.1455078125 0.323046875 0.162109375 0.3220703125 0.171875 0.3162109375 0.17578125 0.3044921875 0.2001953125 0.280078125 0.2568359375 0.246875
1 0.5244140625 0.260546875 0.5390625 0.2068359375 0.55078125 0.1853515625 0.3388671875 0.184375 0.3115234375 0.19609375 0.3095703125 0.2 0.3203125 0.2029296875 0.3125 0.2107421875 0.3125 0.2322265625 0.328125 0.2341796875 0.326171875 0.2498046875 0.337890625 0.2595703125 0.326171875 0.2947265625 0.3291015625 0.299609375 0.337890625 0.2986328125 0.4482421875 0.24296875 0.4853515625 0.24296875 0.5146484375 0.260546875 0.5244140625 0.260546875
1 1 0.1853515625 0.8955078125 0.184375 0.892578125 0.1912109375 0.904296875 0.2302734375 0.904296875 0.2576171875 0.947265625 0.2947265625 0.9580078125 0.315234375 0.99609375 0.3142578125 1 0.3123046875 1 0.1853515625