1 0.392578125 0.1943359375 0.3818359375 0.17578125 0.3603515625 0.166015625 0.2001953125 0.16796875 0.1708984375 0.173828125 0.1435546875 0.189453125 0.1279296875 0.169921875 0.1025390625 0.16796875 0.08593750156249999 0.1806640625 0.0791015625 0.2031250015625 0.0546875015625 0.2041015625 0.05859375 0.2314453125 0.048828125 0.2431640625 0.048828125 0.2529296875 0.08593750156249999 0.2783203125 0.087890625 0.2880859375 0.109375 0.3173828125 0.123046875 0.3251953125 0.125 0.3388671875 0.1376953125 0.3515625 0.1669921875 0.369140625 0.2119140625 0.3828125 0.2744140625 0.3906250015625 0.32421875 0.3896484375 0.353515625 0.3798828125 0.384765625 0.3212890625 0.392578125 0.2783203125 0.392578125 0.1943359375
1 0.5625 0.7158203125 0.568359375 0.6845703125 0.560546875 0.6494140625 0.548828125 0.6298828125 0.5146484375 0.58984375 0.4736328125 0.556640625 0.4287109375 0.541015625 0.3466796875 0.5546875 0.3056640625 0.5546875 0.2236328125 0.599609375 0.2119140625 0.599609375 0.19921875 0.6123046875 0.166015625 0.6826171875 0.166015625 0.7119140625 0.1865234375 0.771484375 0.2861328125 0.818359375 0.2919921875 0.814453125 0.3095703125 0.822265625 0.3193359375 0.822265625 0.3212890625 0.81640625 0.3271484375 0.822265625 0.3369140625 0.81640625 0.3466796875 0.822265625 0.4580078125 0.822265625 0.4716796875 0.81640625 0.4892578125 0.8281250015625 0.505859375 0.8271484375 0.53125 0.8056640625 0.533203125 0.7373046875 0.5380859375 0.728515625 0.5625 0.7158203125
1 0.6904296875 0.728515625 0.6298828125 0.71484375 0.5732421875 0.716796875 0.5498046875 0.7265625 0.537109375 0.7490234375 0.529296875 0.8232421875 0.529296875 0.8447265625 0.541015625 0.8466796875 0.7041015625 0.787109375 0.71875 0.7763671875 0.7109375015625 0.7509765625 0.6904296875 0.728515625
1 0.69140625 0.6435546875 0.712890625 0.6162109375 0.720703125 0.5927734375 0.7099609375 0.58203125 0.6767578125 0.5781250015625 0.66015625 0.5498046875 0.642578125 0.4580078125 0.640625 0.3798828125 0.6064453125 0.369140625 0.5712890625 0.3671875 0.544921875 0.3876953125 0.51953125 0.4267578125 0.505859375 0.4736328125 0.505859375 0.4892578125 0.51953125 0.5068359375 0.484375 0.5595703125 0.53125 0.6025390625 0.564453125 0.6455078125 0.568359375 0.7099609375 0.5732421875 0.71484375 0.59765625 0.7138671875 0.6240234375 0.7109375 0.6572265625 0.6953125 0.677734375 0.6748046875 0.69140625 0.6435546875
1 0.8330078125 0.1796875 0.7802734375 0.2031250015625 0.755859375 0.2236328125 0.73828125 0.2548828125 0.73828125 0.2705078125 0.7470703125 0.2812499984375 0.8095703125 0.28515625 0.888671875 0.2998046875 0.896484375 0.2939453125 0.90234375 0.2314453125 0.8857421875 0.181640625 0.8330078125 0.1796875
1 0.068359375 0.4404296875 0.087890625 0.3857421875 0.10156249843750001 0.3701171875 0.0927734375 0.357421875 0.0576171875 0.33984375 0 0.3349609375 0.001953125 0.5654296875 0.0224609375 0.5546875 0.0546875015625 0.5126953125 0.06640625 0.4814453125 0.068359375 0.4404296875
1 0.0439453125 0.646484375 0.0908203125 0.65234375 0.1337890625 0.677734375 0.1572265625 0.673828125 0.185546875 0.6396484375 0.203125 0.5986328125 0.197265625 0.5771484375 0.201171875 0.5146484375 0.1806640625 0.51171875 0.1416015625 0.521484375 0.0556640625 0.529296875 0.0419921875 0.53515625 0.0244140625 0.55859375 0.0009765625 0.5703125 0 0.6767578125 0.023437501562499997 0.6806640625 0.029296875 0.6767578125 0.025390625 0.6689453125 0.033203125 0.6513671875 0.0439453125 0.646484375
1 0.9169921875 0.658203125 0.8740234375 0.66015625 0.8115234375 0.689453125 0.7900390625 0.693359375 0.783203125 0.7119140625 0.783203125 0.7431640625 0.791015625 0.7451171875 0.8447265625 0.724609375 0.9287109375 0.6796875 0.9296875015625 0.6650390625 0.9169921875 0.658203125
0 0.966796875 0.5966796875 0.955078125 0.5791015625 0.947265625 0.5380859375 0.9287109375 0.51953125 0.8369140625 0.55078125 0.7763671875 0.583984375 0.748046875 0.5888671875 0.767578125 0.6416015625 0.7802734375 0.642578125 0.787109375 0.6513671875 0.78515625 0.6826171875 0.794921875 0.6884765625 0.8720703125 0.658203125 0.9189453125 0.65234375 0.96484375 0.6318359375 0.966796875 0.5966796875
0 0.9609375015625 0.4853515625 0.96875 0.4560546875 0.95703125 0.4169921875 0.958984375 0.3486328125 0.9521484375 0.33203125 0.8798828125 0.302734375 0.7490234375 0.283203125 0.7001953125 0.291015625 0.6640624984375 0.3134765625 0.646484375 0.3740234375 0.654296875 0.3994140625 0.650390625 0.4404296875 0.666015625 0.5478515625 0.6904296875 0.57421875 0.76171875 0.5810546875 0.7841796875 0.576171875 0.8388671875 0.54296875 0.9091796875 0.5234375 0.9609375015625 0.4853515625
0 0.6962890625 0.2890625 0.7275390625 0.283203125 0.73046875 0.2607421875 0.720703125 0.2294921875 0.6962890625 0.2031250015625 0.6474609375 0.1718750015625 0.6123046875 0.1640625 0.609375 0.2138671875 0.619140625 0.2333984375 0.615234375 0.2666015625 0.623046875 0.3037109375 0.6103515625 0.32421875 0.5927734375 0.3281250015625 0.572265625 0.3505859375 0.583984375 0.3564453125 0.5810546875 0.361328125 0.62109375 0.3662109375 0.634765625 0.3603515625 0.642578125 0.3388671875 0.6708984375 0.302734375 0.6962890625 0.2890625
0 0.5869140625 0.33984375 0.5888671875 0.33203125 0.6044921875 0.33203125 0.619140625 0.3232421875 0.62890625 0.2939453125 0.6171875015625 0.2587890625 0.6171875015625 0.1767578125 0.5595703125 0.119140625 0.4306640625 0.119140625 0.41015625 0.1591796875 0.404296875 0.1845703125 0.408203125 0.2080078125 0.4033203125 0.212890625 0.400390625 0.2060546875 0.3984375015625 0.2236328125 0.3984375015625 0.3212890625 0.390625 0.3408203125 0.37109375 0.3623046875 0.361328125 0.3955078125 0.3818359375 0.42578125 0.4052734375 0.431640625 0.447265625 0.4306640625 0.5107421875 0.416015625 0.521484375 0.3837890625 0.5439453125 0.361328125 0.5869140625 0.33984375
0 0.375 0.4423828125 0.3671875015625 0.4091796875 0.3525390625 0.38671875 0.3212890625 0.39453125 0.2724609375 0.392578125 0.2177734375 0.38671875 0.1689453125 0.37109375 0.1259765625 0.3437499984375 0.11718750156249999 0.3271484375 0.0849609375 0.294921875 0 0.3076171875 0.0009765625 0.330078125 0.0615234375 0.337890625 0.107421875 0.3662109375 0.08593750156249999 0.3935546875 0.07031249843750001 0.4521484375 0.07031249843750001 0.4931640625 0.0869140625 0.513671875 0.1376953125 0.517578125 0.2001953125 0.5078125 0.205078125 0.5107421875 0.205078125 0.5361328125 0.2119140625 0.54296875 0.25 0.5498046875 0.2841796875 0.5468750015625 0.3095703125 0.53515625 0.349609375 0.4951171875 0.375 0.4423828125
0 0 0.8232421875 0.0576171875 0.876953125 0.26171875 0.8798828125 0.265625 0.8759765625 0.2548828125 0.86328125 0.0947265625 0.72265625 0.0576171875 0.7031250015625 0 0.6845703125 0 0.8232421875