0 0.64532870625 0.58182754375 0.6821855125 0.54481398125 0.7064891328125 0.5101787718749999 0.7254777578125 0.5006424843749999 0.7267031187499999 0.495030971875 0.7233999890625 0.46527035312500004 0.7137069390625 0.4486611015625 0.6032260140625 0.3407176453125 0.6016597296875 0.34080887031249996 0.590535565625 0.3610889265625 0.53671654375 0.4150388546875 0.5370034984375 0.4176242734375 0.556499059375 0.4539583515625 0.5612443890625001 0.49219109375 0.5820859296875 0.5056694484375 0.6294114296875 0.578895275 0.6392479375 0.582181709375 0.64532870625 0.58182754375
0 0.57252201875 0.42486130937500005 0.5923586546874999 0.40022128593749995 0.5925633625 0.380237059375 0.5859583421875 0.32072697968749997 0.5829076125 0.30590675 0.5575571187499999 0.250518590625 0.5452089625000001 0.24377431249999998 0.5420140890625 0.243636390625 0.49478243437499997 0.24638732187499998 0.48451930781249997 0.25388082500000003 0.479348115625 0.28684195 0.45217379218750003 0.34759744531250003 0.4535405734375 0.3599118984375 0.4609806359375 0.42026328125 0.4694880828125 0.4277104546875 0.48716821250000003 0.4264756890625 0.5114675875 0.4380359625 0.547192625 0.43249828749999997 0.57252201875 0.42486130937500005
0 0.592889034375 0.2041351 0.5950330484374999 0.170905846875 0.58144209375 0.1469210453125 0.5648514796875 0.13360614375 0.5151837984375 0.1280469046875 0.489818609375 0.12715878125 0.486180834375 0.1273706578125 0.48395174843750005 0.12756597812499998 0.477599565625 0.135448846875 0.4727678625 0.1938561015625 0.4726973296875 0.20662719218749998 0.47362239375000004 0.2149618671875 0.5014464609375 0.2548080203125 0.5120752109375 0.25636124531250004 0.5216926375 0.25580109375000004 0.54661551875 0.240716921875 0.5809769328125001 0.23114510625 0.592889034375 0.2041351
0 0.6132699265625 0.384596009375 0.6193210140625001 0.39957642656250003 0.6440135640625 0.419818203125 0.6495703578125 0.41949455625 0.6554725640625 0.41807008437500004 0.69167825625 0.39490720625 0.69160996875 0.3942919546875 0.6840535171875 0.3404766390625 0.62035199375 0.28040564687499997 0.6021652625 0.26843979687499997 0.5876920250000001 0.269282765625 0.5844812078125 0.2780428484375 0.5847276421875 0.2808561734375 0.5863613453125 0.2955755515625 0.587832175 0.3060504609375 0.60037261875 0.334915415625 0.622986709375 0.35539755624999997 0.6248734640625 0.382891596875 0.616876659375 0.375139775 0.6132699265625 0.384596009375
0 0.4044950625 0.658786078125 0.3681439375 0.6042457171875 0.320748634375 0.5851971765624999 0.3171602578125 0.5854061749999999 0.314947646875 0.5859610296875 0.29671480781250004 0.592567003125 0.26936444375 0.6133129015625001 0.27333224375 0.6490620953125 0.27484650781250003 0.6528602234374999 0.3154250171875 0.6656656609375 0.335598378125 0.690096053125 0.338536875 0.6914598187500001 0.3826695703125 0.68888938125 0.4044950625 0.658786078125
0 0.46749231562500004 0.7418482796875 0.4648060296875 0.717645315625 0.4312330859375 0.6863533187499999 0.3953107390625 0.6815008703125 0.37447174687499996 0.682714603125 0.3510221203125 0.7078547562499999 0.35321055156250003 0.745321975 0.3541643109375 0.7539151937499999 0.3758996375 0.7976856109375 0.40196499374999994 0.82383129375 0.40996144843750004 0.824620115625 0.4109355453125 0.824608815625 0.4605003328125 0.7673172015625 0.46749231562500004 0.7418482796875
0 0.3006649078125 0.66826745625 0.30285595 0.6492090171875 0.301942828125 0.6409819453125001 0.2917799234375 0.59213343125 0.272371178125 0.5611721546874999 0.2631598625 0.5602445281249999 0.25463213906250004 0.5607412109375 0.237760146875 0.5847133796875 0.195638521875 0.610171228125 0.174064403125 0.6614580812499999 0.1618089421875 0.6777137203125 0.16175984062499998 0.678140821875 0.162926884375 0.68865568125 0.177362465625 0.73504949375 0.1960166015625 0.751777915625 0.20418010312499998 0.752600021875 0.2322907296875 0.7509627640625001 0.2527366484375 0.735710128125 0.3006649078125 0.66826745625
0 0.32314435937499997 0.34759494062499996 0.3133956828125 0.3626854578125 0.3108923703125 0.3923802453125 0.3210779828125 0.4841508390625 0.35104589218750004 0.511630559375 0.397697809375 0.5213577484374999 0.40308534218750003 0.5106478531249999 0.360376159375 0.3607301 0.347097834375 0.346199809375 0.32314435937499997 0.34759494062499996
1 0.8586560999999999 0.5037883890625 0.8407105578125 0.4926298296875 0.811694315625 0.4859728953125 0.7998859 0.483461221875 0.79338856875 0.482184203125 0.700113759375 0.48761684218749995 0.6869927484375 0.5263307421875 0.686655984375 0.5332764578125 0.69181104375 0.5797226359375001 0.781488621875 0.60881685625 0.8233323968749999 0.638027540625 0.8733579859375 0.6497676890624999 0.9048307421875 0.60730300625 0.9051980703125 0.5673100828125001 0.8586560999999999 0.5037883890625
1 0.8580390671875 0.483791946875 0.8739047187500001 0.46712029218750006 0.8708656734375 0.439739015625 0.8510969421875 0.385773853125 0.846104225 0.34079033124999997 0.82785501875 0.3005158078125 0.80438271875 0.2849687828125 0.7212466625 0.28981090625 0.7174626843749999 0.29021361562500003 0.7166093046875 0.2900810015625 0.67153023125 0.292706559375 0.6716129671875 0.2985594796875 0.673517825 0.3157219078125 0.6879031984374999 0.3342569015625 0.7005020625 0.37682897187500003 0.7067972296875 0.43354732656249995 0.73613324375 0.44069671406250005 0.7804591453125 0.48535779375 0.8580390671875 0.483791946875
1 1 0.32840488125 0.9300003968749999 0.30595919843749997 0.8870973265625001 0.3084580171875 0.84370011875 0.32882910781249997 0.8438971046875 0.391417165625 0.8448566078124999 0.40006212343750003 0.9054650828125 0.430768178125 0.9567904234375 0.4379090328125 0.9654008703124999 0.45121914218750003 0.9814754515624999 0.45824063125 1 0.45727027500000006 1 0.32840488125
1 0.979616021875 0.22321610781249998 0.9580686015625 0.169966746875 0.94633579375 0.161901109375 0.9193170890625 0.16347476875 0.8874161656249999 0.166636340625 0.8015304999999999 0.186145071875 0.7908874015625 0.1884291328125 0.7829181734375 0.2120434171875 0.782062628125 0.301871609375 0.78313759375 0.31155686875 0.7919324671875 0.3311198046875 0.825433771875 0.326802925 0.9125866859375 0.3323103421875 0.92959308125 0.3313198328125 0.9831959765624999 0.255470871875 0.979616021875 0.22321610781249998
1 0.8244389375000001 0.17008204531249999 0.921864946875 0.15883144062500001 0.9450702 0.146232709375 0.9517769453125 0.1391210734375 0.9516057468750001 0.1295463625 0.9504444828124999 0.11908358125 0.9331263546875 0.07884794218749999 0.8804855249999999 0.028600940624999998 0.8594735531250001 0.025426198437500002 0.842822684375 0.026395999999999996 0.78298928125 0.0359235328125 0.763616453125 0.0444584703125 0.7069927796875 0.044463321875 0.7003211515625 0.053538968750000006 0.68417799375 0.12839100312500001 0.6845072390625 0.131357453125 0.686290778125 0.142462325 0.7003012531249999 0.16162713281250002 0.7131780390625 0.17198786562499999 0.7522926078125 0.18278452812499998 0.7924566140625 0.180445240625 0.8244389375000001 0.17008204531249999
1 0.5166645765625 0.9437540359375 0.5182810203125 0.8064371234375001 0.4805501921875 0.80863469375 0.46776510312499997 0.8287700640625 0.42985538125 0.8569460484375 0.4137027953125 0.8794496765625001 0.42022142812499996 0.938181421875 0.42058684218750003 0.9392330125000001 0.44306175000000003 0.9521480328124999 0.4581476390625 0.9498046531250001 0.49615797656250005 0.959096125 0.5068635203125 0.9584462234375 0.5166645765625 0.9437540359375
1 0.3153271625 0.5883633953125 0.3354404359375 0.56982436875 0.3434141171875 0.5427639921875 0.34017691562499996 0.5135973703125 0.3306449359375 0.49499175468749995 0.3178327984375 0.48988196874999995 0.3040075703125 0.39710315625 0.303803475 0.349205325 0.283448321875 0.299845534375 0.27301932500000003 0.2912034140625 0.25804086875 0.2900553609375 0.2463593625 0.29073573124999996 0.2171065375 0.30177785468749996 0.19133568437499998 0.335353103125 0.19590370937499998 0.37651021406249996 0.20045376093749998 0.4084014984375 0.22867988437500003 0.5039352078125 0.25468314687500004 0.5280531515625 0.2603094390625 0.572734134375 0.2932365296875 0.589650028125 0.3153271625 0.5883633953125