1 0.3759765625 0.495703125 0.4033203125 0.476171875 0.5244140625 0.43125 0.548828125 0.4107421875 0.572265625 0.3638671875 0.580078125 0.2896484375 0.5634765625 0.265234375 0.52734375 0.2408203125 0.5166015625 0.214453125 0.4267578125 0.187109375 0.3740234375 0.1890625 0.3271484375 0.206640625 0.2880859375 0.230078125 0.1650390625 0.273046875 0.0712890625 0.2984375 0.05859375 0.3072265625 0.056640625 0.3599609375 0.080078125 0.3853515625 0.126953125 0.4615234375 0.1552734375 0.464453125 0.166015625 0.4712890625 0.166015625 0.4849609375 0.177734375 0.4888671875 0.16796875 0.5025390625 0.1953125 0.5455078125 0.19921875 0.5611328125 0.232421875 0.5826171875 0.2421875 0.5650390625 0.2783203125 0.52890625 0.3056640625 0.515234375 0.3759765625 0.495703125
1 0.55859375 0.6216796875 0.55859375 0.6001953125 0.490234375 0.5259765625 0.4794921875 0.50546875 0.4345703125 0.4859375 0.4013671875 0.487890625 0.39453125 0.4947265625 0.39453125 0.5103515625 0.408203125 0.5806640625 0.419921875 0.6099609375 0.453125 0.6412109375 0.45703125 0.6802734375 0.46875 0.7076171875 0.4736328125 0.7125 0.4921875 0.7115234375 0.521484375 0.6978515625 0.5234375 0.6822265625 0.51171875 0.6509765625 0.55859375 0.6216796875
1 0.3056640625 0.519140625 0.2890625 0.5357421875 0.287109375 0.6158203125 0.3212890625 0.66171875 0.3359375 0.6607421875 0.3701171875 0.65390625 0.416015625 0.6138671875 0.3876953125 0.499609375 0.3056640625 0.519140625
1 0.46875 0.7212890625 0.46875 0.7095703125 0.453125 0.6822265625 0.451171875 0.6451171875 0.4248046875 0.61875 0.4169921875 0.61875 0.396484375 0.6353515625 0.390625 0.6451171875 0.3916015625 0.659765625 0.3466796875 0.66171875 0.333984375 0.6685546875 0.32421875 0.7154296875 0.341796875 0.7505859375 0.341796875 0.7818359375 0.333984375 0.7935546875 0.333984375 0.8091796875 0.34375 0.8150390625 0.3798828125 0.796484375 0.4052734375 0.761328125 0.4599609375 0.733984375 0.46875 0.7212890625
1 0.853515625 0.5904296875 0.8515625 0.5025390625 0.8671875 0.4927734375 0.875 0.4615234375 0.8671875 0.4361328125 0.8447265625 0.415625 0.8349609375 0.413671875 0.8095703125 0.421484375 0.7890625 0.4498046875 0.79296875 0.4830078125 0.76953125 0.5103515625 0.76953125 0.5474609375 0.759765625 0.6001953125 0.759765625 0.6666015625 0.775390625 0.6783203125 0.7822265625 0.696875 0.814453125 0.7017578125 0.8330078125 0.70078125 0.849609375 0.6880859375 0.861328125 0.6373046875 0.853515625 0.5904296875
0 0.759765625 0.2212890625 0.7333984375 0.198828125 0.7041015625 0.202734375 0.6728515625 0.23984375 0.640625 0.2505859375 0.658203125 0.3150390625 0.705078125 0.3443359375 0.734375 0.2916015625 0.755859375 0.2720703125 0.763671875 0.2447265625 0.759765625 0.2212890625
0 0.8955078125 0.28671875 0.8779296875 0.2828125 0.876953125 0.2759765625 0.8662109375 0.27109375 0.8349609375 0.273046875 0.802734375 0.3208984375 0.80078125 0.3345703125 0.80859375 0.3423828125 0.826171875 0.4029296875 0.8525390625 0.417578125 0.8837890625 0.4546875 0.890625 0.4537109375 0.916015625 0.4244140625 0.92578125 0.3970703125 0.927734375 0.3560546875 0.8955078125 0.28671875
0 0.7705078125 0.316015625 0.7236328125 0.321875 0.708984375 0.3423828125 0.7109375 0.3599609375 0.7421875 0.3853515625 0.7568359375 0.417578125 0.783203125 0.4185546875 0.81640625 0.4009765625 0.818359375 0.3873046875 0.806640625 0.3462890625 0.7705078125 0.316015625
0 0.166015625 0.5044921875 0.1357421875 0.476171875 0.1240234375 0.47421875 0.091796875 0.5123046875 0.080078125 0.5337890625 0.080078125 0.5474609375 0.1357421875 0.5640625 0.1787109375 0.593359375 0.181640625 0.6099609375 0.189453125 0.6236328125 0.1953125 0.6236328125 0.22265625 0.6001953125 0.224609375 0.5865234375 0.197265625 0.5689453125 0.166015625 0.5044921875
0 0 0.7251953125 0.0400390625 0.737890625 0.123046875 0.7369140625 0.1416015625 0.73203125 0.1513671875 0.71640625 0.166015625 0.7115234375 0.17578125 0.6978515625 0.17578125 0.6900390625 0.16796875 0.6900390625 0.16796875 0.6783203125 0.1728515625 0.683203125 0.18359375 0.6744140625 0.189453125 0.6431640625 0.166015625 0.5884765625 0.1201171875 0.56015625 0.0009765625 0.554296875 0 0.6626953125 0.021484375 0.6646484375 0.0068359375 0.68125 0 0.6763671875 0 0.7251953125
0 0.318359375 0.7154296875 0.2861328125 0.69296875 0.2626953125 0.66171875 0.2275390625 0.640234375 0.189453125 0.6412109375 0.185546875 0.6744140625 0.173828125 0.6841796875 0.177734375 0.6939453125 0.171875 0.7056640625 0.1474609375 0.718359375 0.1396484375 0.7359375 0.0703125 0.7466796875 0.072265625 0.7798828125 0.0869140625 0.81796875 0.1142578125 0.823828125 0.267578125 0.8248046875 0.3193359375 0.821875 0.33984375 0.7759765625 0.33984375 0.7525390625 0.318359375 0.7154296875