0 0.53125 0.5072265625 0.5107421875 0.480859375 0.3857421875 0.387109375 0.376953125 0.4095703125 0.330078125 0.4701171875 0.3554687515625 0.5052734375 0.365234375 0.5423828125 0.3876953125 0.553125 0.4443359375 0.6195312515625 0.458984375 0.6224609375 0.4921875 0.5794921875 0.5117187515625 0.5423828125 0.529296875 0.5306640625 0.53125 0.5072265625
0 0.599609375 0.6126953125 0.5859375 0.5541015625 0.5751953125 0.5453125 0.5322265625 0.535546875 0.513671875 0.5443359375 0.501953125 0.5755859375 0.462890625 0.6302734375 0.4570312484375 0.7025390625 0.4638671875 0.711328125 0.4814453125 0.7132812515625 0.5029296875 0.7289062515625 0.5390625 0.7298828125 0.5654296875 0.726953125 0.5898437515625 0.7064453125 0.599609375 0.6615234375 0.599609375 0.6126953125
0 0.5507812484375 0.7708984375 0.5390625 0.7435546875 0.5048828125 0.7328125 0.4775390625 0.715234375 0.4599609375 0.7171875 0.4296875 0.7591796875 0.435546875 0.8353515625 0.4423828125 0.844140625 0.458984375 0.8451171875 0.5224609375 0.840234375 0.5390625 0.8275390625 0.552734375 0.8041015625 0.5507812484375 0.7708984375
0 0.3798828125 0.5492187484375 0.3662109375 0.547265625 0.359375 0.5599609375 0.359375 0.5794921875 0.369140625 0.6146484375 0.388671875 0.6380859375 0.3867187515625 0.6654296875 0.3798828125 0.656640625 0.375 0.6654296875 0.3789062484375 0.6810546875 0.4013671875 0.7054687484375 0.412109375 0.7044921875 0.451171875 0.6869140625 0.451171875 0.6322265625 0.396484375 0.5638671875 0.3798828125 0.5492187484375
0 0.7236328125 0.2875 0.6845703125 0.2992187484375 0.6757812484375 0.3080078125 0.6757812484375 0.3373046875 0.708984375 0.3626953125 0.71875 0.3919921875 0.7275390625 0.4007812515625 0.7617187515625 0.4076171875 0.794921875 0.3861328125 0.78125 0.3236328125 0.7431640625 0.289453125 0.7236328125 0.2875
0 0.7001953125 0.1625 0.6474609375 0.1546875 0.619140625 0.1830078125 0.619140625 0.2279296875 0.638671875 0.2728515625 0.6630859375 0.2992187484375 0.671875 0.3001953125 0.724609375 0.2435546875 0.734375 0.2142578125 0.732421875 0.1947265625 0.7001953125 0.1625
0 0.8720703125 0.262109375 0.8486328125 0.240625 0.8173828125 0.240625 0.796875 0.2552734375 0.7734375 0.3080078125 0.7851562484375 0.3275390625 0.8007812484375 0.3802734375 0.8398437515625 0.4095703125 0.8544921875 0.4359375 0.8710937515625 0.4369140625 0.8945312484375 0.4076171875 0.912109375 0.3548828125 0.912109375 0.3333984375 0.8720703125 0.262109375
0 0.734375 0.5013671875 0.7041015625 0.469140625 0.6591796875 0.459375 0.6523437515625 0.4701171875 0.673828125 0.6205078125 0.6865234375 0.637109375 0.7070312484375 0.6361328125 0.720703125 0.6185546875 0.728515625 0.5833984375 0.736328125 0.5384765625 0.734375 0.5013671875
1 0.373046875 0.3626953125 0.3427734375 0.312890625 0.2939453125 0.3148437484375 0.2529296875 0.336328125 0.158203125 0.3490234375 0.1601562484375 0.4017578125 0.1748046875 0.4515625 0.2236328125 0.469140625 0.28125 0.4681640625 0.3095703125 0.4671875 0.3271484375 0.459375 0.373046875 0.4037109375 0.373046875 0.3626953125
1 0.357421875 0.5326171875 0.34375 0.4916015625 0.3173828125 0.4710937484375 0.2353515625 0.475 0.1904296875 0.465234375 0.1875 0.4955078125 0.201171875 0.5169921875 0.208984375 0.5599609375 0.208984375 0.6166015625 0.2373046875 0.625390625 0.2763671875 0.672265625 0.353515625 0.6751953125 0.3710937515625 0.6595703125 0.3710937515625 0.6322265625 0.357421875 0.5775390625 0.357421875 0.5326171875
1 0.1953125 0.5091796875 0.1806640625 0.490625 0.1337890625 0.490625 0.1181640625 0.4984375 0.1103515625 0.512109375 0.0595703125 0.521875 0 0.5560546875 0.0039062484375 0.6263671875 0.0498046875 0.644921875 0.087890625 0.6458984375 0.1884765625 0.6078125 0.2070312484375 0.5951171875 0.2070312484375 0.5521484375 0.1953125 0.5091796875
1 0.267578125 0.6771484375 0.1904296875 0.6117187484375 0.0927734375 0.648828125 0.0595703125 0.6546875 0.0546875 0.6791015625 0.076171875 0.7728515625 0.0888671875 0.793359375 0.099609375 0.7923828125 0.1865234375 0.785546875 0.2431640625 0.773828125 0.2539062484375 0.7611328125 0.267578125 0.6771484375
1 0.318359375 0.9076171875 0.3359375 0.8333984375 0.333984375 0.8197265625 0.3203125 0.8001953125 0.3076171875 0.789453125 0.2509765625 0.771875 0.1962890625 0.7875 0.0986328125 0.7953125 0.0751953125 0.8070312515625 0.068359375 0.8138671875 0.068359375 0.8314453125 0.0859375 0.8744140625 0.1376953125 0.926171875 0.1640625 0.9310546875 0.2353515625 0.922265625 0.2548828125 0.914453125 0.3115234375 0.9164062515625 0.318359375 0.9076171875
1 0.6142578125 0.1625 0.625 0.1615234375 0.6591796875 0.146875 0.6748046875 0.146875 0.693359375 0.1302734375 0.6875 0.0794921875 0.6552734375 0.053125 0.6083984375 0.031640625 0.5888671875 0.0140625 0.5498046875 0.0140625 0.599609375 0.1498046875 0.6142578125 0.1625
1 0.8320312484375 0.5853515625 0.830078125 0.4916015625 0.841796875 0.4837890625 0.849609375 0.4583984375 0.8476562484375 0.4369140625 0.833984375 0.4095703125 0.8095703125 0.394921875 0.7900390625 0.398828125 0.759765625 0.4232421875 0.7617187515625 0.4681640625 0.740234375 0.4974609375 0.728515625 0.5970703125 0.7304687515625 0.6693359375 0.7626953125 0.6976562515625 0.796875 0.7025390625 0.8193359375 0.695703125 0.828125 0.6849609375 0.8398437515625 0.6322265625 0.8320312484375 0.5853515625