0 0.349609375 0.4123046875 0.3193359375 0.395703125 0.2861328125 0.387890625 0.2197265625 0.35078125 0.1943359375 0.348828125 0.1474609375 0.360546875 0.1416015625 0.372265625 0.125 0.3810546875 0.115234375 0.4025390625 0.1171875 0.4259765625 0.12890625 0.4396484375 0.126953125 0.4533203125 0.13671875 0.4748046875 0.1748046875 0.50703125 0.2236328125 0.52265625 0.2529296875 0.54609375 0.294921875 0.5490234375 0.30859375 0.5412109375 0.328125 0.4728515625 0.3515625 0.4279296875 0.349609375 0.4123046875
0 0.2373046875 0.53828125 0.1708984375 0.50703125 0.1337890625 0.477734375 0.0712890625 0.4875 0.056640625 0.4982421875 0.060546875 0.5392578125 0.0830078125 0.567578125 0.0966796875 0.571484375 0.1123046875 0.5890625 0.1357421875 0.6046875 0.1826171875 0.628125 0.2109375 0.6310546875 0.2236328125 0.628125 0.244140625 0.6115234375 0.25390625 0.5841796875 0.2373046875 0.53828125
0 0.1181640625 0.596875 0.0908203125 0.571484375 0.0673828125 0.56953125 0.05078125 0.5802734375 0.0390625 0.6779296875 0.0458984375 0.6984375 0.197265625 0.6974609375 0.205078125 0.6564453125 0.205078125 0.6427734375 0.1982421875 0.6359375 0.1181640625 0.596875
0 0.3818359375 0.680859375 0.3173828125 0.64375 0.2783203125 0.641796875 0.2646484375 0.63203125 0.234375 0.6369140625 0.22265625 0.6818359375 0.21484375 0.6935546875 0.2158203125 0.6984375 0.376953125 0.6974609375 0.4091796875 0.696484375 0.41015625 0.6896484375 0.4052734375 0.6828125 0.3818359375 0.680859375
0 0.447265625 0.5822265625 0.4365234375 0.571484375 0.4169921875 0.56953125 0.3759765625 0.58125 0.3486328125 0.610546875 0.3271484375 0.610546875 0.30859375 0.6251953125 0.30859375 0.6388671875 0.3134765625 0.64375 0.3720703125 0.675 0.4013671875 0.676953125 0.4208984375 0.696484375 0.4287109375 0.6984375 0.462890625 0.6974609375 0.46875 0.6935546875 0.4765625 0.6701171875 0.458984375 0.6076171875 0.447265625 0.5822265625
0 0.3818359375 0.579296875 0.4150390625 0.571484375 0.42578125 0.5587890625 0.43359375 0.5353515625 0.3642578125 0.505078125 0.3515625 0.4904296875 0.3388671875 0.458203125 0.328125 0.4787109375 0.30859375 0.5470703125 0.3017578125 0.55390625 0.2529296875 0.548046875 0.25 0.5646484375 0.2666015625 0.58515625 0.2958984375 0.602734375 0.3173828125 0.60859375 0.3515625 0.6076171875 0.3583984375 0.596875 0.3720703125 0.594921875 0.37109375 0.5900390625 0.3818359375 0.579296875
0 0.578125 0.4630859375 0.5830078125 0.4484375 0.6025390625 0.469921875 0.61328125 0.4669921875 0.6171875 0.4455078125 0.609375 0.4337890625 0.607421875 0.3869140625 0.580078125 0.3673828125 0.583984375 0.3517578125 0.5771484375 0.341015625 0.5634765625 0.344921875 0.5205078125 0.333203125 0.4990234375 0.3390625 0.4658203125 0.356640625 0.4462890625 0.376171875 0.3896484375 0.407421875 0.3515625 0.4357421875 0.34375 0.4611328125 0.359375 0.4962890625 0.3740234375 0.508984375 0.4072265625 0.524609375 0.443359375 0.5314453125 0.4736328125 0.508984375 0.5419921875 0.471875 0.5673828125 0.471875 0.578125 0.4630859375
0 0.619140625 0.5431640625 0.5537109375 0.4796875 0.5419921875 0.47578125 0.5283203125 0.4796875 0.4716796875 0.512890625 0.43359375 0.5451171875 0.4296875 0.5548828125 0.4462890625 0.575390625 0.5263671875 0.618359375 0.568359375 0.6232421875 0.5947265625 0.614453125 0.603515625 0.5958984375 0.615234375 0.5861328125 0.619140625 0.5431640625
0 0.712890625 0.5763671875 0.69921875 0.5548828125 0.6884765625 0.548046875 0.6650390625 0.548046875 0.6513671875 0.555859375 0.6240234375 0.55390625 0.619140625 0.5607421875 0.62109375 0.6056640625 0.6171875 0.6193359375 0.6474609375 0.637890625 0.658203125 0.6369140625 0.6787109375 0.618359375 0.7041015625 0.60859375 0.708984375 0.6017578125 0.712890625 0.5763671875
0 0.7138671875 0.501171875 0.66796875 0.5431640625 0.6728515625 0.548046875 0.6962890625 0.551953125 0.7109375 0.5744140625 0.716796875 0.5763671875 0.751953125 0.5353515625 0.748046875 0.5138671875 0.7294921875 0.4953125 0.7138671875 0.501171875
0 0.7578125 0.4630859375 0.763671875 0.4552734375 0.759765625 0.4376953125 0.7333984375 0.4171875 0.7138671875 0.41328125 0.6708984375 0.415234375 0.6240234375 0.438671875 0.619140625 0.4435546875 0.615234375 0.4689453125 0.6044921875 0.481640625 0.59375 0.4748046875 0.59375 0.4650390625 0.5849609375 0.462109375 0.578125 0.4689453125 0.580078125 0.4787109375 0.57421875 0.4943359375 0.6044921875 0.5265625 0.619140625 0.5333984375 0.6455078125 0.5265625 0.6826171875 0.5265625 0.6923828125 0.520703125 0.7578125 0.4630859375
1 0.6533203125 0.645703125 0.630859375 0.6740234375 0.634765625 0.6896484375 0.6435546875 0.6984375 0.71484375 0.6974609375 0.720703125 0.6896484375 0.716796875 0.6662109375 0.7001953125 0.649609375 0.6533203125 0.645703125