1 0.6579270328125 0.4297917421875 0.63008938125 0.40818829375 0.59195134375 0.4025919703125 0.54073158125 0.40408231250000004 0.5317771015625 0.40925881718749996 0.516727671875 0.4530429234375 0.5150175890625001 0.47273531875 0.536684028125 0.4934355484375 0.5367548249999999 0.4993194296875 0.51933453125 0.5078796984375 0.550589759375 0.51641489375 0.5607685296875 0.553282203125 0.5745798640625 0.5684163718749999 0.5746978609375 0.57822284375 0.5835378046875 0.5847298234375 0.6127761546875 0.587460590625 0.6613572796875 0.579590340625 0.6680859515625001 0.57244771875 0.65938126875 0.49627507499999995 0.6620356953125001 0.4767539796875 0.6579270328125 0.4297917421875
1 0.5493654296875 0.6027737484375 0.5623533140625 0.6011400953125 0.5744083046874999 0.592806509375 0.57490006875 0.590894303125 0.5743962890625001 0.58513606875 0.5584251109375 0.5650258140625 0.547858778125 0.5315985875 0.528953846875 0.5280261640624999 0.513500925 0.5187391015625 0.528423578125 0.50953253125 0.525237453125 0.5065049484374999 0.38133383125 0.46824646249999996 0.36247765625 0.46879512187500005 0.3671465625 0.5019976078124999 0.348982209375 0.5674899531250001 0.3502560578125 0.5830922140625 0.35753111406250004 0.588206290625 0.3896056546875 0.59709710625 0.4405325515625 0.5969175625 0.49366079531249996 0.6043945875000001 0.5493654296875 0.6027737484375
1 0.7428423515625 0.5051322359375 0.7415141921874999 0.4967466640625 0.741978203125 0.4952549734375 0.7398293984375 0.47069402499999996 0.7329814015625 0.46162713593750004 0.6926738359375 0.4560544390625 0.66906936875 0.4567412578125 0.6624324765625 0.46004413906249997 0.6596266125 0.492339015625 0.678309653125 0.5602876296875 0.6803561578124999 0.5857111859375 0.7197443515625 0.6030985703125 0.7392775546875 0.6013995109375 0.7427105375 0.591817890625 0.7384359125 0.5648292578125 0.7449030234375 0.5286858296875 0.7428423515625 0.5051322359375
1 0.8548421546875 0.406616953125 0.8497427953125 0.40471806875 0.8391774406250001 0.3683619265625 0.818823959375 0.33994014375 0.8036611546874999 0.333772740625 0.7066372109375 0.3365958484375 0.67173096875 0.3574205046875 0.6153463343750001 0.41562610624999996 0.6200345828125 0.43682501250000005 0.652959296875 0.4560329546875 0.6774737578125001 0.4633088984375 0.739418384375 0.4636803578125 0.8555213593750001 0.41438029218750005 0.8548421546875 0.406616953125
1 0.5820609109375 0.3683594421875 0.5730821203125 0.355547040625 0.5726167156249999 0.33109658125 0.5095009421875 0.3329330625 0.5145088484375 0.3854397875 0.5356388187500001 0.40618276875000003 0.5638789953125001 0.3981539421875 0.5829322609375 0.3783190125 0.5820609109375 0.3683594421875
1 0.5211844140624999 0.31711505624999997 0.50530098125 0.2913532109375 0.4844914171875 0.2817514375 0.47734991875 0.2806083234375 0.46827331250000004 0.2808724265625 0.4453696546875 0.29603680468750004 0.446428259375 0.3081367140625 0.4599855171875 0.34680838125 0.466690628125 0.34952214062500003 0.5227996109374999 0.3478895359375 0.5229035375 0.3398998625 0.52252604375 0.33244994375000003 0.5211844140624999 0.31711505624999997
0 0.383474228125 0.33661837656250004 0.37912859375 0.33083843281249997 0.36095858281250004 0.3220946359375 0.321079128125 0.2867930234375 0.29372531562500004 0.27968534375 0.289648328125 0.279803971875 0.274750465625 0.2886323515625 0.246636665625 0.321551771875 0.21006612812499997 0.3432232421875 0.1684016578125 0.35653179375 0.1096474359375 0.35232671249999997 0.1055252828125 0.40354755468750003 0.1157899828125 0.40722037499999997 0.13671713593749998 0.4468490296875 0.17340971249999998 0.4543720875 0.17423685312499998 0.46363754375 0.1557142890625 0.46485828281249997 0.166001590625 0.48965487812499997 0.1604782671875 0.5043095156249999 0.1732017953125 0.514654928125 0.1902689515625 0.511044784375 0.1968182921875 0.5217971109375 0.190115275 0.5371508281249999 0.20818584843750002 0.5378238718749999 0.22215628281250002 0.5436321359375 0.24034981718749998 0.543102759375 0.24349985312500003 0.529904503125 0.259816703125 0.503975878125 0.2867734078125 0.49287931562500004 0.3200579765625 0.45526979062499995 0.385040628125 0.4248911625 0.39072580625 0.41950428593750005 0.383474228125 0.33661837656250004
0 0.4547168859375 0.27358455937500004 0.45197923125 0.27289515937500003 0.3096734296875 0.2588570921875 0.2424091125 0.260814284375 0.2344696875 0.27385121562500003 0.23817109687500002 0.2914776390625 0.2516035875 0.311063540625 0.29503806093749996 0.3512163390625 0.3182904796875 0.364927946875 0.3533134890625 0.3727654671875 0.38454623906249996 0.37081034687500003 0.42382595468749995 0.3473131625 0.4445633078125 0.3247932234375 0.45676174999999997 0.2969574625 0.4547168859375 0.27358455937500004
0 0.501180646875 0.341007546875 0.4738926515625 0.3479749734375 0.43176830781250003 0.3430272390625 0.3970107140625 0.34403858125000003 0.37885125 0.347595875 0.3687743171875 0.3504744796875 0.3517859921875 0.36686903437499996 0.3419519796875 0.417041634375 0.350238509375 0.4596440515625 0.372733934375 0.474334834375 0.39934800937500003 0.47716238437499997 0.421589428125 0.487512128125 0.4319090046875 0.487211859375 0.43543384375 0.486175528125 0.442177925 0.4727928671875 0.48403087187500005 0.43544546874999995 0.4801204859375 0.3779139921875 0.4956155953125 0.371863240625 0.5041443015625 0.35510963906250004 0.5029061359375 0.3409573390625 0.501180646875 0.341007546875
0 0.89373394375 0.5467684765625 0.8915983171875 0.53265275625 0.8909370984375 0.5300557046875001 0.880312203125 0.5112565499999999 0.8672575484375 0.5034737953125 0.8188393218750001 0.49467829218750003 0.788372040625 0.4955648 0.743063065625 0.54548600625 0.741740296875 0.5641553796875 0.7421159484375 0.5684490921875 0.7602158703125 0.608902846875 0.7694910125 0.617656075 0.798366675 0.6203641859375 0.8316792953125001 0.6128227015625 0.8654302140624999 0.599095134375 0.87171140625 0.5802739375 0.8940563031250001 0.5504530546875 0.89373394375 0.5467684765625
0 0.8889120390624999 0.5453686156249999 0.88458895625 0.5284313 0.8836611484375 0.5257863328125 0.8686677921875001 0.50565671875 0.85799495625 0.5013228578125 0.8283397593749999 0.4944018578125 0.775933209375 0.4959267328125 0.742373871875 0.5370011890625 0.7386936734375 0.5458170171875001 0.7412730640625 0.57529958125 0.760728796875 0.6096207296875 0.777765096875 0.62049894375 0.8352234765625 0.609483446875 0.8439480609375 0.6071036203125 0.8650109140625 0.5967006734375 0.8695874203124999 0.57785704375 0.8891502390625 0.548091246875 0.8889120390624999 0.5453686156249999