1 0.61328125 0.4806640625 0.62109375 0.4044921875 0.6142578125 0.39765625 0.5654296875 0.391796875 0.5361328125 0.395703125 0.52734375 0.4025390625 0.52734375 0.4123046875 0.513671875 0.4279296875 0.50390625 0.4650390625 0.47265625 0.4748046875 0.490234375 0.4826171875 0.490234375 0.4884765625 0.46875 0.5099609375 0.470703125 0.5294921875 0.486328125 0.5724609375 0.5029296875 0.58125 0.52734375 0.5802734375 0.5849609375 0.56953125 0.6171875 0.5431640625 0.619140625 0.5197265625 0.61328125 0.4806640625
1 0.4833984375 0.466015625 0.501953125 0.4630859375 0.509765625 0.4298828125 0.525390625 0.4083984375 0.5234375 0.4025390625 0.5107421875 0.39375 0.4619140625 0.3859375 0.3896484375 0.39375 0.3388671875 0.391796875 0.3076171875 0.399609375 0.30078125 0.4044921875 0.30078125 0.4201171875 0.32421875 0.4865234375 0.322265625 0.5197265625 0.337890625 0.5216796875 0.4814453125 0.4875 0.484375 0.4845703125 0.46875 0.4748046875 0.4833984375 0.466015625
1 0.6953125 0.4474609375 0.681640625 0.4083984375 0.681640625 0.3810546875 0.6767578125 0.372265625 0.6572265625 0.37421875 0.62109375 0.3986328125 0.623046875 0.4240234375 0.615234375 0.4943359375 0.623046875 0.5255859375 0.63671875 0.5294921875 0.6923828125 0.5109375 0.703125 0.4904296875 0.6953125 0.4748046875 0.6953125 0.4474609375
1 0.8046875 0.5607421875 0.7880859375 0.53046875 0.7626953125 0.516796875 0.6826171875 0.512890625 0.6396484375 0.532421875 0.576171875 0.5841796875 0.578125 0.6056640625 0.6083984375 0.628125 0.6318359375 0.637890625 0.693359375 0.6447265625 0.81640625 0.6076171875 0.818359375 0.6017578125 0.810546875 0.5978515625 0.8046875 0.5607421875
1 0.4892578125 0.57734375 0.48828125 0.6095703125 0.474609375 0.6291015625 0.4970703125 0.6515625 0.525390625 0.6583984375 0.546875 0.6369140625 0.552734375 0.5822265625 0.4970703125 0.58125 0.4892578125 0.57734375
1 0.4521484375 0.6359375 0.4423828125 0.637890625 0.416015625 0.6603515625 0.43359375 0.7072265625 0.44140625 0.7091796875 0.49609375 0.6994140625 0.494140625 0.6681640625 0.4775390625 0.64375 0.4521484375 0.6359375
0 0.2861328125 0.622265625 0.34375 0.6115234375 0.3359375 0.5607421875 0.3251953125 0.559765625 0.2958984375 0.5265625 0.2587890625 0.528515625 0.255859375 0.5197265625 0.2734375 0.5138671875 0.2578125 0.4923828125 0.259765625 0.4767578125 0.2451171875 0.469921875 0.2294921875 0.477734375 0.220703125 0.4689453125 0.2236328125 0.45234375 0.2060546875 0.45625 0.1787109375 0.45234375 0.173828125 0.4572265625 0.173828125 0.4728515625 0.1640625 0.5021484375 0.140625 0.5197265625 0.1171875 0.5646484375 0.0615234375 0.610546875 0.0546875 0.6212890625 0.0546875 0.6583984375 0.0673828125 0.6828125 0.0888671875 0.700390625 0.1083984375 0.704296875 0.1572265625 0.7296875 0.185546875 0.7287109375 0.19921875 0.7150390625 0.21875 0.6759765625 0.2490234375 0.645703125 0.2861328125 0.622265625
0 0.4140625 0.6623046875 0.3935546875 0.63984375 0.3544921875 0.61640625 0.3232421875 0.614453125 0.2880859375 0.622265625 0.2646484375 0.6359375 0.220703125 0.6759765625 0.20703125 0.6955078125 0.203125 0.7130859375 0.2119140625 0.727734375 0.271484375 0.7287109375 0.4208984375 0.7140625 0.4287109375 0.712109375 0.431640625 0.7033203125 0.4140625 0.6623046875
0 0.482421875 0.5666015625 0.4609375 0.5197265625 0.4404296875 0.50703125 0.4169921875 0.505078125 0.3857421875 0.508984375 0.3369140625 0.524609375 0.3017578125 0.52265625 0.30078125 0.5275390625 0.3212890625 0.551953125 0.337890625 0.5548828125 0.34765625 0.6115234375 0.3974609375 0.63984375 0.4072265625 0.6515625 0.41796875 0.6525390625 0.4404296875 0.6359375 0.4658203125 0.628125 0.484375 0.6095703125 0.482421875 0.5666015625
0 0.84375 0.4220703125 0.837890625 0.4005859375 0.8271484375 0.38984375 0.7587890625 0.35859375 0.6962890625 0.399609375 0.689453125 0.4201171875 0.697265625 0.4650390625 0.7041015625 0.47578125 0.7314453125 0.485546875 0.765625 0.4865234375 0.8017578125 0.481640625 0.8125 0.4650390625 0.841796875 0.4416015625 0.84375 0.4220703125
0 0.84375 0.4201171875 0.8359375 0.3966796875 0.8271484375 0.38984375 0.7802734375 0.364453125 0.7548828125 0.360546875 0.7041015625 0.39375 0.689453125 0.4103515625 0.689453125 0.4259765625 0.697265625 0.4669921875 0.7099609375 0.481640625 0.775390625 0.4865234375 0.8017578125 0.481640625 0.8125 0.4650390625 0.841796875 0.4416015625 0.84375 0.4201171875